tok	normtok	lemma	pos	rfpos	sentstart	stwr	frame	speaker	intexpr	note
Auch	-	auch	ADV	ADV	yes	-	-	-	-	-
sonst	-	sonst	ADV	ADV	no	-	-	-	-	-
schikanierten	-	schikaniern	VVFIN	VFIN.Full.3.Pl.Past.Ind	no	-	-	-	-	-
sie	-	sie	PPER	PRO.Pers.Subst.3.Nom.Pl.*	no	-	-	-	-	-
ihn	-	ihn	PPER	PRO.Pers.Subst.3.Acc.Sg.Masc	no	-	-	-	-	-
in	-	in	APPR	APPR.In	no	-	-	-	-	-
jeder	-	jeder	PIAT	PRO.Indef.Attr.-.Dat.Sg.Fem	no	-	-	-	-	-
Weise	-	Weise	NN	N.Reg.Dat.Sg.Fem	no	-	-	-	-	-
.	-	--	$.	SYM.Pun.Sent	no	-	-	-	-	-
Besonders	-	besonders	ADV	ADV	yes	-	-	-	-	-
durch	-	durch	APPR	APPR.Acc	no	-	-	-	-	-
rücksichtsloses	-	rücksichtslos	ADJA	ADJA.Pos.Acc.Sg.Neut	no	-	-	-	-	-
und	-	und	KON	CONJ.Coord.-	no	-	-	-	-	-
boshaftes	-	boshaft	ADJA	ADJA.Pos.Acc.Sg.Neut	no	-	-	-	-	-
Bewerkstelligen	-	bewerkstellige	NN	N.Reg.Acc.Sg.Neut	no	-	-	-	-	-
von	-	von	APPR	APPR.Dat	no	-	-	-	-	-
Zugluft	-	Zugluft	NN	N.Reg.Dat.Sg.Fem	no	-	-	-	-	-
,	-	--	$,	SYM.Pun.Comma	no	-	-	-	-	-
gegen	-	gegen	APPR	APPR.Acc	no	-	-	-	-	-
die	-	der	PRELS	PRO.Rel.Subst.-.Acc.Sg.Fem	no	-	-	-	-	-
der	-	der	ART	ART.Def.Nom.Sg.Masc	no	-	-	-	-	-
an	-	an	APPR	APPR.An	no	-	-	-	-	-
Rheumatismus	-	Rheumatismus	NN	N.Reg.Dat.Sg.Masc	no	-	-	-	-	-
Leidende	-	leidende	NN	ADJA.Pos.Nom.Sg.Masc	no	-	-	-	-	-
ungemein	-	ungemein	ADJD	ADV	no	-	-	-	-	-
empfindlich	-	empfindlich	ADJD	ADJD.Pos	no	-	-	-	-	-
war	-	sein	VAFIN	VFIN.Sein.3.Sg.Past.Ind	no	-	-	-	-	-
.	-	--	$.	SYM.Pun.Sent	no	-	-	-	-	-
Das	-	der	ART	ART.Def.Nom.Sg.Neut	yes	-	-	-	-	-
Haupt	-	Haupt	NN	N.Reg.Nom.Sg.Neut	no	-	-	-	-	-
dieses	-	dieser	PDAT	PRO.Dem.Attr.-.Gen.Sg.Neut	no	-	-	-	-	-
Dreibundes	-	Dreibund	NN	N.Reg.Gen.Sg.Neut	no	-	-	-	-	-
war	-	sein	VAFIN	VFIN.Sein.3.Sg.Past.Ind	no	-	-	-	-	-
ein	-	ein	ART	ART.Indef.Nom.Sg.Masc	no	-	-	-	-	-
alter	-	alt	ADJA	ADJA.Pos.Nom.Sg.Masc	no	-	-	-	-	-
hagerer	-	hag	ADJA	ADJA.Pos.Nom.Sg.Masc	no	-	-	-	-	-
Wiener	-	Wiener	NN	ADJA.Pos.*.*.*	no	-	-	-	-	-
»	-	»	$(	N.Reg.Nom.Sg.Masc	no	-	-	-	-	-
Biz	-	Biz	NE	N.Name.Nom.Sg.Masc	no	-	-	-	-	-
«	-	«	$(	N.Name.*.*.*	no	-	-	-	-	-
mit	-	mit	APPR	APPR.Dat	no	-	-	-	-	-
einem	-	ein	ART	ART.Indef.Dat.Sg.Neut	no	-	-	-	-	-
frechen	-	frechen	ADJA	ADJA.Pos.Dat.Sg.Neut	no	-	-	-	-	-
Gesicht	-	Gesicht	NN	N.Reg.Dat.Sg.Neut	no	-	-	-	-	-
und	-	und	KON	CONJ.Coord.-	no	-	-	-	-	-
dünnen	-	dünnen	ADJA	VFIN.Full.3.Pl.Pres.Ind	no	-	-	-	-	-
,	-	--	$,	SYM.Pun.Comma	no	-	-	-	-	-
an	-	an	APPR	APPR.An	no	-	-	-	-	-
den	-	der	ART	ART.Def.Dat.Pl.Fem	no	-	-	-	-	-
Schläfen	-	Schläfe	NN	N.Reg.Dat.Pl.Fem	no	-	-	-	-	-
nach	-	nach	APPR	APPR.Dat	no	-	-	-	-	-
vorn	-	vorn	ADV	ADV	no	-	-	-	-	-
gestrichenen	-	gestrichen	ADJA	ADJA.Pos.Dat.Pl.Neut	no	-	-	-	-	-
grauen	-	grau	ADJA	ADJA.Pos.Dat.Pl.Neut	no	-	-	-	-	-
Haaren	-	Haar	NN	N.Reg.Dat.Pl.Neut	no	-	-	-	-	-
,	-	--	$,	SYM.Pun.Comma	no	-	-	-	-	-
der	-	der	PRELS	PRO.Rel.Subst.-.Nom.Sg.Masc	no	-	-	-	-	-
einst	-	einst	ADV	ADV	no	-	-	-	-	-
im	-	in	APPRART	APPRART.Dat.Sg.Masc	no	-	-	-	-	-
Orte	-	Ort	NN	N.Reg.Dat.Sg.Masc	no	-	-	-	-	-
ein	-	ein	ART	ART.Indef.Nom.Sg.Neut	no	-	-	-	-	-
großes	-	groß	ADJA	ADJA.Pos.Nom.Sg.Neut	no	-	-	-	-	-
,	-	--	$,	SYM.Pun.Comma	no	-	-	-	-	-
sehr	-	sehr	ADV	ADV	no	-	-	-	-	-
gut	-	gut	ADJD	ADJD.Pos	no	-	-	-	-	-
besuchtes	-	besucht	ADJA	ADJA.Pos.Nom.Sg.Neut	no	-	-	-	-	-
Kaffeehaus	-	Kaffeehaus	NN	N.Reg.Nom.Sg.Neut	no	-	-	-	-	-
besessen	-	besessen	VVPP	VPP.Full.Psp	no	-	-	-	-	-
hatte	-	haben	VAFIN	VFIN.Haben.3.Sg.Past.Ind	no	-	-	-	-	-
.	-	--	$.	SYM.Pun.Sent	no	-	-	-	-	-
Auf	-	auf	APPR	APPR.Auf	yes	-	-	-	-	-
diese	-	dieser	PDAT	PRO.Dem.Attr.-.Acc.Sg.Fem	no	-	-	-	-	-
Vergangenheit	-	Vergangenheit	NN	N.Reg.Acc.Sg.Fem	no	-	-	-	-	-
war	-	sein	VAFIN	VFIN.Sein.3.Sg.Past.Ind	no	-	-	-	-	-
Herr	-	Herr	NN	N.Reg.Nom.Sg.Masc	no	-	-	-	-	-
Weißeneder	-	Weißeneder	NN	N.Name.Nom.Sg.Masc	no	-	-	-	-	-
noch	-	noch	ADV	ADV	no	-	-	-	-	-
immer	-	immer	ADV	ADV	no	-	-	-	-	-
sehr	-	sehr	ADV	ADV	no	-	-	-	-	-
stolz	-	stolz	ADJD	ADJD.Pos	no	-	-	-	-	-
,	-	--	$,	SYM.Pun.Comma	no	-	-	-	-	-
wobei	-	wobei	PWAV	CONJ.SubFin.-	no	-	-	-	-	-
er	-	er	PPER	PRO.Pers.Subst.3.Nom.Sg.Masc	no	-	-	-	-	-
jedoch	-	jedoch	ADV	ADV	no	-	-	-	-	-
vergaß	-	vergessen	VVFIN	VFIN.Full.3.Sg.Past.Ind	no	-	-	-	-	-
,	-	--	$,	SYM.Pun.Comma	no	-	-	-	-	-
daß	-	daß	KOUS	CONJ.SubFin.-	no	-	-	-	-	-
er	-	er	PPER	PRO.Pers.Subst.3.Nom.Sg.Masc	no	-	-	-	-	-
später	-	spät	ADJD	ADJD.Comp	no	-	-	-	-	-
als	-	als	KOKOM	CONJ.Comp.-	no	-	-	-	-	-
Kognak-	-	Kognak	TRUNC	TRUNC.Noun	no	-	-	-	-	-
und	-	und	KON	CONJ.Coord.-	no	-	-	-	-	-
Zigarrenagent	-	Zigarrenagent	NN	N.Reg.Nom.Sg.Masc	no	-	-	-	-	-
verschiedener	-	verschieden	ADJA	ADJA.Pos.Gen.Pl.Fem	no	-	-	-	-	-
Unredlichkeiten	-	Unredlichkeit	NN	N.Reg.Gen.Pl.Fem	no	-	-	-	-	-
halber	-	halber	APPO	APPO.Gen	no	-	-	-	-	-
einige	-	einiger	PIAT	PRO.Indef.Attr.-.Acc.Pl.Masc	no	-	-	-	-	-
Monate	-	Monat	NN	N.Reg.Acc.Pl.Masc	no	-	-	-	-	-
im	-	in	APPRART	APPRART.Dat.Sg.Neut	no	-	-	-	-	-
»	-	»	$(	ADJA.Pos.Dat.Sg.Neut	no	-	-	-	-	-
grauen	-	grau	ADJA	ADJA.Pos.Dat.Sg.Neut	no	-	-	-	-	-
Hause	-	Haus	NN	N.Reg.Dat.Sg.Neut	no	-	-	-	-	-
«	-	«	$(	CARD	no	-	-	-	-	-
gesessen	-	sitzen	VVPP	VPP.Full.Psp	no	-	-	-	-	-
hatte	-	haben	VAFIN	VFIN.Haben.3.Sg.Past.Ind	no	-	-	-	-	-
.	-	--	$.	SYM.Pun.Sent	no	-	-	-	-	-
Trotzdem	-	trotzdem	PAV	PROADV.Dem	yes	-	-	-	-	-
war	-	sein	VAFIN	VFIN.Sein.3.Sg.Past.Ind	no	-	-	-	-	-
er	-	er	PPER	PRO.Pers.Subst.3.Nom.Sg.Masc	no	-	-	-	-	-
jetzt	-	jetzt	ADV	ADV	no	-	-	-	-	-
als	-	als	KOKOM	APPR.Als	no	-	-	-	-	-
Ältester	-	Ältester	ADJA	ADJA.Sup.Nom.Sg.Masc	no	-	-	-	-	-
Stubenvater	-	Stubenvater	NN	N.Reg.Nom.Sg.Masc	no	-	-	-	-	-
,	-	--	$,	SYM.Pun.Comma	no	-	-	-	-	-
eine	-	ein	ART	ART.Indef.Nom.Sg.Fem	no	-	-	-	-	-
Würde	-	Werden	NN	N.Reg.Nom.Sg.Fem	no	-	-	-	-	-
,	-	--	$,	SYM.Pun.Comma	no	-	-	-	-	-
die	-	der	PRELS	PRO.Rel.Subst.-.Acc.Sg.Fem	no	-	-	-	-	-
er	-	er	PPER	PRO.Pers.Subst.3.Nom.Sg.Masc	no	-	-	-	-	-
mit	-	mit	APPR	APPR.Dat	no	-	-	-	-	-
großtuerischem	-	großtuerisch	ADJA	ADJA.Pos.Dat.Sg.Neut	no	-	-	-	-	-
Wesen	-	Wesen	NN	N.Reg.Dat.Sg.Neut	no	-	-	-	-	-
ausnützte	-	ausnützen	VVFIN	VFIN.Full.3.Sg.Past.Ind	no	-	-	-	-	-
.	-	--	$.	SYM.Pun.Sent	no	-	-	-	-	-
Da	-	da	KOUS	CONJ.SubFin.-	yes	-	-	-	-	-
er	-	er	PPER	PRO.Pers.Subst.3.Nom.Sg.Masc	no	-	-	-	-	-
mit	-	mit	APPR	APPR.Dat	no	-	-	-	-	-
einer	-	ein	ART	ART.Indef.Dat.Sg.Fem	no	-	-	-	-	-
Venenerweiterung	-	Venenerweiterung	NN	N.Reg.Dat.Sg.Fem	no	-	-	-	-	-
an	-	an	APPR	APPR.An	no	-	-	-	-	-
den	-	der	ART	ART.Def.Dat.Pl.Neut	no	-	-	-	-	-
Beinen	-	Bein	NN	N.Reg.Dat.Pl.Neut	no	-	-	-	-	-
behaftet	-	behafteen	ADJD	VPP.Full.Psp	no	-	-	-	-	-
war	-	sein	VAFIN	VFIN.Sein.3.Sg.Past.Ind	no	-	-	-	-	-
,	-	--	$,	SYM.Pun.Comma	no	-	-	-	-	-
so	-	so	ADV	ADV	no	-	-	-	-	-
blieb	-	bleiben	VVFIN	VFIN.Full.3.Sg.Past.Ind	no	-	-	-	-	-
er	-	er	PPER	PRO.Pers.Subst.3.Nom.Sg.Masc	no	-	-	-	-	-
meist	-	meist	ADV	ADV	no	-	-	-	-	-
den	-	der	ART	ART.Def.Acc.Sg.Masc	no	-	-	-	-	-
ganzen	-	ganz	ADJA	ADJA.Pos.Acc.Sg.Masc	no	-	-	-	-	-
Vormittag	-	Vormittag	NN	N.Reg.Acc.Sg.Masc	no	-	-	-	-	-
im	-	in	APPRART	APPRART.Dat.Sg.Neut	no	-	-	-	-	-
Bette	-	Bette	NN	N.Reg.Dat.Sg.Neut	no	-	-	-	-	-
,	-	--	$,	SYM.Pun.Comma	no	-	-	-	-	-
wobei	-	wobei	PWAV	CONJ.SubFin.-	no	-	-	-	-	-
er	-	er	PPER	PRO.Pers.Subst.3.Nom.Sg.Masc	no	-	-	-	-	-
Schirmer	-	Schirmer	NN	N.Name.Dat.Sg.*	no	-	-	-	-	-
alle	-	aller	PIAT	PRO.Indef.Attr.-.Acc.Pl.Fem	no	-	-	-	-	-
möglichen	-	möglich	ADJA	ADJA.Pos.Acc.Pl.Fem	no	-	-	-	-	-
Handreichungen	-	Handreichung	NN	N.Reg.Acc.Pl.Fem	no	-	-	-	-	-
auferlegte	-	auferlegen	VVFIN	VFIN.Full.3.Sg.Past.Ind	no	-	-	-	-	-
.	-	--	$.	SYM.Pun.Sent	no	-	-	-	-	-
Nachmittags	-	Nachmittag	ADV	ADV	yes	-	-	-	-	-
aber	-	aber	ADV	ADV	no	-	-	-	-	-
suchte	-	suchen	VVFIN	VFIN.Full.3.Sg.Past.Ind	no	-	-	-	-	-
er	-	er	PPER	PRO.Pers.Subst.3.Nom.Sg.Masc	no	-	-	-	-	-
seine	-	sein	PPOSAT	PRO.Poss.Attr.-.Acc.Sg.Fem	no	-	-	-	-	-
Freundin	-	Freundin	NN	N.Reg.Acc.Sg.Fem	no	-	-	-	-	-
in	-	in	APPR	APPR.In	no	-	-	-	-	-
der	-	der	ART	ART.Def.Dat.Sg.Fem	no	-	-	-	-	-
Weiberabteilung	-	Weiberabteilung	NN	N.Reg.Dat.Sg.Fem	no	-	-	-	-	-
auf	-	auf	PTKVZ	PART.Verb	no	-	-	-	-	-
.	-	--	$.	SYM.Pun.Sent	no	-	-	-	-	-
Diese	-	dieser	PDAT	PRO.Dem.Attr.-.Nom.Sg.Fem	yes	reported.speech.1.border=unspec	-	-	-	-
Freundin	-	Freundin	NN	N.Reg.Nom.Sg.Fem	no	reported.speech.1.border=unspec	-	-	-	-
,	-	--	$,	SYM.Pun.Comma	no	reported.speech.1.border=unspec	-	-	-	-
namens	-	namens	APPR	APPR.Namens	no	reported.speech.1.border=unspec	-	-	-	-
Leontine	-	Leontine	NE	N.Name.Nom.Sg.Masc	no	reported.speech.1.border=unspec	-	-	-	-
Hanstein	-	Hanstein	NN	N.Name.Dat.Sg.Masc	no	reported.speech.1.border=unspec	-	-	-	-
,	-	--	$,	SYM.Pun.Comma	no	reported.speech.1.border=unspec	-	-	-	-
wurde	-	werden	VAFIN	VFIN.Aux.3.Sg.Past.Ind	no	reported.speech.1.border=unspec	-	-	-	-
allgemein	-	allgemein	ADJD	ADJD.Pos	no	reported.speech.1.border=unspec	-	-	-	-
nur	-	nur	ADV	ADV	no	reported.speech.1.border=unspec	-	-	-	-
die	-	der	ART	ART.Def.Acc.Pl.Masc	no	reported.speech.1.border=unspec	-	-	-	-
Professorstochter	-	Professorstochter	NN	N.Reg.Acc.Pl.Masc	no	reported.speech.1.border=unspec	-	-	-	-
genannt	-	nennen	VVPP	VPP.Full.Psp	no	reported.speech.1.border=unspec	-	-	-	-
.	-	--	$.	SYM.Pun.Sent	no	reported.speech.1.border=unspec	-	-	-	-
Ihr	-	ihr	PPOSAT	PRO.Poss.Attr.-.Nom.Sg.Masc	yes	-	-	-	-	-
Vater	-	Vater	NN	N.Reg.Nom.Sg.Masc	no	-	-	-	-	-
hatte	-	haben	VAFIN	VFIN.Haben.3.Sg.Past.Ind	no	-	-	-	-	-
im	-	in	APPRART	APPRART.Dat.Sg.Masc	no	-	-	-	-	-
Laufe	-	Lauf	NN	N.Reg.Dat.Sg.Masc	no	-	-	-	-	-
der	-	der	ART	ART.Def.Gen.Pl.Neut	no	-	-	-	-	-
vierziger	-	vierziger	ADJA	ADJA.Pos.*.*.*	no	-	-	-	-	-
Jahre	-	Jahr	NN	N.Reg.Gen.Pl.Neut	no	-	-	-	-	-
ein	-	ein	ART	ART.Indef.Acc.Sg.Neut	no	-	-	-	-	-
Knabenpensionat	-	Knabenpensionat	NN	N.Reg.Acc.Sg.Neut	no	-	-	-	-	-
unterhalten	-	unterhalten	VVINF	VPP.Full.Psp	no	-	-	-	-	-
,	-	--	$,	SYM.Pun.Comma	no	-	-	-	-	-
das	-	der	PRELS	PRO.Rel.Subst.-.Acc.Sg.Neut	no	-	-	-	-	-
sich	-	sich	PRF	PRO.Refl.Subst.3.Dat.Sg.*	no	-	-	-	-	-
eines	-	ein	ART	ART.Indef.Gen.Sg.Masc	no	-	-	-	-	-
sehr	-	sehr	ADV	ADV	no	-	-	-	-	-
guten	-	gut	ADJA	ADJA.Pos.Gen.Sg.Masc	no	-	-	-	-	-
Rufes	-	Ruf	NN	N.Reg.Gen.Sg.Masc	no	-	-	-	-	-
erfreute	-	erfreuen	VVFIN	VFIN.Full.3.Sg.Past.Ind	no	-	-	-	-	-
.	-	--	$.	SYM.Pun.Sent	no	-	-	-	-	-
Die	-	der	ART	ART.Def.Nom.Sg.Fem	yes	-	-	-	-	-
anmutige	-	anmutig	ADJA	ADJA.Pos.Nom.Sg.Fem	no	-	-	-	-	-
Lage	-	Lage	NN	N.Reg.Nom.Sg.Fem	no	-	-	-	-	-
des	-	der	ART	ART.Def.Gen.Sg.Masc	no	-	-	-	-	-
Ortes	-	Ort	NN	N.Reg.Gen.Sg.Masc	no	-	-	-	-	-
,	-	--	$,	SYM.Pun.Comma	no	-	-	-	-	-
das	-	der	ART	ART.Def.Nom.Sg.Neut	no	-	-	-	-	-
Haus	-	Haus	NN	N.Reg.Nom.Sg.Neut	no	-	-	-	-	-
mit	-	mit	APPR	APPR.Dat	no	-	-	-	-	-
großem	-	groß	ADJA	ADJA.Pos.Dat.Sg.Masc	no	-	-	-	-	-
Garten	-	Garten	NN	N.Reg.Dat.Sg.Masc	no	-	-	-	-	-
,	-	--	$,	SYM.Pun.Comma	no	-	-	-	-	-
in	-	in	APPR	APPR.In	no	-	-	-	-	-
dem	-	der	PRELS	PRO.Rel.Subst.-.Dat.Sg.Masc	no	-	-	-	-	-
es	-	es	PPER	PRO.Pers.Subst.3.Nom.Sg.Neut	no	-	-	-	-	-
sich	-	sich	PRF	PRO.Refl.Subst.3.Acc.Sg.*	no	-	-	-	-	-
befand	-	befinden	VVFIN	VFIN.Full.3.Sg.Past.Ind	no	-	-	-	-	-
,	-	--	$,	SYM.Pun.Comma	no	-	-	-	-	-
bewog	-	bewegen	VVFIN	VFIN.Full.3.Sg.Past.Ind	no	-	-	-	-	-
wohlhabende	-	wohlhabend	ADJA	ADJA.Pos.Acc.Pl.*	no	-	-	-	-	-
Eltern	-	Eltern	NN	N.Reg.Acc.Pl.*	no	-	-	-	-	-
in	-	in	APPR	APPR.In	no	-	-	-	-	-
der	-	der	ART	ART.Def.Dat.Sg.Fem	no	-	-	-	-	-
Provinz	-	Provinz	NN	N.Reg.Dat.Sg.Fem	no	-	-	-	-	-
,	-	--	$,	SYM.Pun.Comma	no	-	-	-	-	-
ihre	-	ihr	PPOSAT	PRO.Poss.Attr.-.Acc.Pl.Masc	no	-	-	-	-	-
Söhne	-	Sohn	NN	N.Reg.Acc.Pl.Masc	no	-	-	-	-	-
auf	-	auf	APPR	APPR.Auf	no	-	-	-	-	-
die	-	der	ART	ART.Def.Acc.Sg.Fem	no	-	-	-	-	-
Dauer	-	Dauer	NN	N.Reg.Acc.Sg.Fem	no	-	-	-	-	-
der	-	der	ART	ART.Def.Gen.Sg.Fem	no	-	-	-	-	-
Lernzeit	-	Lernzeit	NN	N.Reg.Gen.Sg.Fem	no	-	-	-	-	-
dort	-	dort	ADV	ADV	no	-	-	-	-	-
unterzubringen	-	unterzubringen	VVIZU	VINF.Full.zu	no	-	-	-	-	-
.	-	--	$.	SYM.Pun.Sent	no	-	-	-	-	-
Herr	-	Herr	NN	N.Reg.Nom.Sg.Masc	yes	-	-	-	-	-
Hanstein	-	Hanstein	NN	N.Name.Nom.Sg.Masc	no	-	-	-	-	-
verdiente	-	verdienen	VVFIN	VFIN.Full.3.Sg.Past.Ind	no	-	-	-	-	-
also	-	also	ADV	ADV	no	-	-	-	-	-
ein	-	ein	ART	ART.Indef.Acc.Sg.Neut	no	-	-	-	-	-
hübsches	-	hübsch	ADJA	ADJA.Pos.Acc.Sg.Neut	no	-	-	-	-	-
Stück	-	Stück	NN	N.Reg.Acc.Sg.Neut	no	-	-	-	-	-
Geld	-	Geld	NN	N.Reg.Nom.Sg.Neut	no	-	-	-	-	-
,	-	--	$,	SYM.Pun.Comma	no	-	-	-	-	-
und	-	und	KON	CONJ.Coord.-	no	-	-	-	-	-
als	-	als	KOUS	CONJ.SubFin.-	no	-	-	-	-	-
er	-	er	PPER	PRO.Pers.Subst.3.Nom.Sg.Masc	no	-	-	-	-	-
als	-	als	KOKOM	APPR.Als	no	-	-	-	-	-
Witwer	-	Witwer	NN	N.Reg.Nom.Sg.Masc	no	-	-	-	-	-
starb	-	sterben	VVFIN	VFIN.Full.3.Sg.Past.Ind	no	-	-	-	-	-
,	-	--	$,	SYM.Pun.Comma	no	-	-	-	-	-
fand	-	finden	VVFIN	VFIN.Full.3.Sg.Past.Ind	no	-	-	-	-	-
sich	-	sich	PRF	PRO.Refl.Subst.3.Acc.Sg.*	no	-	-	-	-	-
auch	-	auch	ADV	ADV	no	-	-	-	-	-
ein	-	ein	ART	ART.Indef.Nom.Sg.Neut	no	-	-	-	-	-
nicht	-	nicht	PTKNEG	PART.Neg	no	-	-	-	-	-
ganz	-	ganz	ADV	ADV	no	-	-	-	-	-
unbeträchtliches	-	unbeträchtlich	ADJA	ADJA.Pos.Nom.Sg.Neut	no	-	-	-	-	-
Vermögen	-	Vermögen	NN	N.Reg.Nom.Sg.Neut	no	-	-	-	-	-
vor	-	vor	PTKVZ	PART.Verb	no	-	-	-	-	-
.	-	--	$.	SYM.Pun.Sent	no	-	-	-	-	-
Die	-	der	ART	ART.Def.Nom.Sg.Fem	yes	-	-	-	-	-
Tochter	-	Tochter	NN	N.Reg.Nom.Sg.Fem	no	-	-	-	-	-
aber	-	aber	ADV	ADV	no	-	-	-	-	-
,	-	--	$,	SYM.Pun.Comma	no	-	-	-	-	-
sein	-	sein	PPOSAT	PRO.Poss.Attr.-.Nom.Sg.Neut	no	-	-	-	-	-
einziges	-	einzig	ADJA	ADJA.Pos.Nom.Sg.Neut	no	-	-	-	-	-
Kind	-	Kind	NN	N.Reg.Nom.Sg.Neut	no	-	-	-	-	-
,	-	--	$,	SYM.Pun.Comma	no	-	-	-	-	-
brauchte	-	brauchen	VVFIN	VFIN.Full.3.Sg.Past.Ind	no	-	-	-	-	-
es	-	es	PPER	PRO.Pers.Subst.3.Nom.Sg.Neut	no	-	-	-	-	-
in	-	in	APPR	APPR.In	no	-	-	-	-	-
ganz	-	ganz	ADV	ADV	no	-	-	-	-	-
kurzer	-	kurz	ADJA	ADJA.Pos.Dat.Sg.Fem	no	-	-	-	-	-
Zeit	-	Zeit	NN	N.Reg.Dat.Sg.Fem	no	-	-	-	-	-
auf	-	auf	PTKVZ	PART.Verb	no	-	-	-	-	-
.	-	--	$.	SYM.Pun.Sent	no	-	-	-	-	-
Denn	-	denn	KON	CONJ.Coord.Denn	yes	-	-	-	-	-
sie	-	sie	PPER	PRO.Pers.Subst.3.Nom.Sg.Fem	no	-	-	-	-	-
war	-	sein	VAFIN	VFIN.Sein.3.Sg.Past.Ind	no	-	-	-	-	-
vergnügungs-und	-	vergnügungs-und	ADJD	ADJD.Pos	no	-	-	-	-	-
gefallsüchtig	-	gefallsüchtig	ADJD	ADJD.Pos	no	-	-	-	-	-
und	-	und	KON	CONJ.Coord.-	no	-	-	-	-	-
stets	-	stets	ADV	ADV	no	-	-	-	-	-
bemüht	-	bemühen	VVPP	ADJD.Pos	no	-	-	-	-	-
,	-	--	$,	SYM.Pun.Comma	no	-	-	-	-	-
ihrer	-	ihr	PPOSAT	PRO.Poss.Attr.-.Dat.Sg.Fem	no	-	-	-	-	-
zweifelhaften	-	zweifelhaft	ADJA	ADJA.Pos.Dat.Sg.Fem	no	-	-	-	-	-
Schönheit	-	Schönheit	NN	N.Reg.Dat.Sg.Fem	no	-	-	-	-	-
durch	-	durch	APPR	APPR.Acc	no	-	-	-	-	-
ungemessenen	-	ungemessen	ADJA	ADJA.Pos.Acc.Sg.Masc	no	-	-	-	-	-
Putz	-	Putz	NN	N.Reg.Acc.Sg.Masc	no	-	-	-	-	-
aufzuhelfen	-	aufhelfen	VVIZU	VINF.Full.zu	no	-	-	-	-	-
.	-	--	$.	SYM.Pun.Sent	no	-	-	-	-	-
Sie	-	sie	PPER	PRO.Pers.Subst.3.Nom.Sg.Fem	yes	-	-	-	-	-
ließ	-	lassen	VVFIN	VFIN.Full.3.Sg.Past.Ind	no	-	-	-	-	-
sich	-	sich	PRF	PRO.Refl.Subst.3.Acc.Sg.*	no	-	-	-	-	-
in	-	in	APPR	APPR.In	no	-	-	-	-	-
törichte	-	töricht	ADJA	ADJA.Pos.Acc.Pl.Neut	no	-	-	-	-	-
Liebeshändel	-	Liebeshändel	NN	N.Reg.Acc.Pl.Neut	no	-	-	-	-	-
ein	-	ein	PTKVZ	PART.Verb	no	-	-	-	-	-
,	-	--	$,	SYM.Pun.Comma	no	-	-	-	-	-
die	-	der	PRELS	PRO.Rel.Subst.-.Nom.Pl.Neut	no	-	-	-	-	-
immer	-	immer	ADV	ADV	no	-	-	-	-	-
im	-	in	APPRART	APPRART.Dat.Sg.Masc	no	-	-	-	-	-
Sand	-	Sand	NN	N.Reg.Dat.Sg.Masc	no	-	-	-	-	-
verliefen	-	verlaufen	VVFIN	VFIN.Full.3.Pl.Pres.Ind	no	-	-	-	-	-
,	-	--	$,	SYM.Pun.Comma	no	-	-	-	-	-
bis	-	bis	KOUS	CONJ.SubFin.-	no	-	-	-	-	-
sie	-	sie	PPER	PRO.Pers.Subst.3.Nom.Pl.*	no	-	-	-	-	-
endlich	-	endlich	ADV	ADV	no	-	-	-	-	-
ein	-	ein	ART	ART.Indef.Nom.Sg.Masc	no	-	-	-	-	-
unternehmender	-	unternehmend	ADJA	ADJA.Pos.Nom.Sg.Masc	no	-	-	-	-	-
Heiratsschwindler	-	Heiratsschwindler	NN	N.Reg.Nom.Sg.Masc	no	-	-	-	-	-
um	-	um	APPR	APPR.Acc	no	-	-	-	-	-
den	-	der	ART	ART.Def.Acc.Sg.Masc	no	-	-	-	-	-
Rest	-	Rest	NN	N.Reg.Acc.Sg.Masc	no	-	-	-	-	-
ihrer	-	ihr	PPOSAT	PRO.Poss.Attr.-.Gen.Sg.Fem	no	-	-	-	-	-
Habe	-	Haben	NN	N.Reg.Gen.Sg.Fem	no	-	-	-	-	-
brachte	-	bringen	VVFIN	VFIN.Full.3.Sg.Past.Ind	no	-	-	-	-	-
.	-	--	$.	SYM.Pun.Sent	no	-	-	-	-	-
Nun	-	nun	ADV	ADV	yes	-	-	-	-	-
war	-	sein	VAFIN	VFIN.Sein.3.Sg.Past.Ind	no	-	-	-	-	-
guter	-	gut	ADJA	ADJA.Pos.Nom.Sg.Masc	no	-	-	-	-	-
Rat	-	Rat	NN	N.Reg.Nom.Sg.Masc	no	-	-	-	-	-
teuer	-	teuer	ADJD	ADJD.Pos	no	-	-	-	-	-
,	-	--	$,	SYM.Pun.Comma	no	-	-	-	-	-
und	-	und	KON	CONJ.Coord.-	no	-	-	-	-	-
die	-	der	ART	ART.Def.Nom.Sg.Fem	no	-	-	-	-	-
alternde	-	alternd	ADJA	ADJA.Pos.Nom.Sg.Fem	no	-	-	-	-	-
Kokette	-	Kokette	NN	N.Reg.Nom.Sg.Fem	no	-	-	-	-	-
mußte	-	müssen	VMFIN	VFIN.Mod.3.Sg.Past.Ind	no	-	-	-	-	-
mit	-	mit	APPR	APPR.Dat	no	-	-	-	-	-
ihren	-	ihr	PPOSAT	PRO.Poss.Attr.-.Dat.Pl.Fem	no	-	-	-	-	-
nicht	-	nicht	PTKNEG	PART.Neg	no	-	-	-	-	-
ungeschickten	-	ungeschickt	ADJA	ADJA.Pos.Dat.Pl.Fem	no	-	-	-	-	-
Händen	-	Hand	NN	N.Reg.Dat.Pl.Fem	no	-	-	-	-	-
zu	-	zu	PTKZU	PART.Zu	no	-	-	-	-	-
erwerben	-	erwerben	VVINF	VINF.Full.-	no	-	-	-	-	-
trachten	-	trachen	VVINF	VINF.Full.-	no	-	-	-	-	-
.	-	--	$.	SYM.Pun.Sent	no	-	-	-	-	-
Sie	-	sie	PPER	PRO.Pers.Subst.3.Nom.Sg.Fem	yes	-	-	-	-	-
erhielt	-	erhalten	VVFIN	VFIN.Full.3.Sg.Past.Ind	no	-	-	-	-	-
Arbeit	-	Arbeit	NN	N.Reg.Acc.Sg.Fem	no	-	-	-	-	-
in	-	in	APPR	APPR.In	no	-	-	-	-	-
einem	-	ein	ART	ART.Indef.Dat.Sg.Neut	no	-	-	-	-	-
Damenmodegeschäft	-	Damenmodegeschäft	NN	N.Reg.Dat.Sg.Neut	no	-	-	-	-	-
.	-	--	$.	SYM.Pun.Sent	no	-	-	-	-	-
Aber	-	aber	KON	CONJ.Coord.Aber	yes	-	-	-	-	-
sie	-	sie	PPER	PRO.Pers.Subst.3.Nom.Sg.Fem	no	-	-	-	-	-
blieb	-	bleiben	VVFIN	VFIN.Full.3.Sg.Past.Ind	no	-	-	-	-	-
nicht	-	nicht	PTKNEG	PART.Neg	no	-	-	-	-	-
lang	-	lang	ADJD	ADJD.Pos	no	-	-	-	-	-
bei	-	bei	APPR	APPR.Dat	no	-	-	-	-	-
der	-	der	ART	ART.Def.Dat.Sg.Fem	no	-	-	-	-	-
Stange	-	Stange	NN	N.Reg.Dat.Sg.Fem	no	-	-	-	-	-
und	-	und	KON	CONJ.Coord.-	no	-	-	-	-	-
geriet	-	geraten	VVFIN	VFIN.Full.3.Sg.Past.Ind	no	-	-	-	-	-
mehr	-	mehr	ADV	ADV	no	-	-	-	-	-
und	-	und	KON	CONJ.Coord.-	no	-	-	-	-	-
mehr	-	mehr	ADV	ADV	no	-	-	-	-	-
auf	-	auf	APPR	APPR.Auf	no	-	-	-	-	-
unsaubere	-	unsauber	ADJA	ADJA.Pos.Acc.Pl.Masc	no	-	-	-	-	-
Abwege	-	Abweg	NN	N.Reg.Acc.Pl.Masc	no	-	-	-	-	-
,	-	--	$,	SYM.Pun.Comma	no	-	-	-	-	-
bis	-	bis	KOUS	CONJ.SubFin.-	no	-	-	-	-	-
sie	-	sie	PPER	PRO.Pers.Subst.3.Nom.Pl.*	no	-	-	-	-	-
endlich	-	endlich	ADV	ADV	no	-	-	-	-	-
,	-	--	$,	SYM.Pun.Comma	no	-	-	-	-	-
körperlich	-	körperlich	ADJD	ADJD.Pos	no	-	-	-	-	-
gebrochen	-	brechen	VVPP	VPP.Full.Psp	no	-	-	-	-	-
und	-	und	KON	CONJ.Coord.-	no	-	-	-	-	-
wirklich	-	wirklich	ADJD	ADJD.Pos	no	-	-	-	-	-
erwerbsunfähig	-	erwerbsunfähig	ADJD	ADJD.Pos	no	-	-	-	-	-
,	-	--	$,	SYM.Pun.Comma	no	-	-	-	-	-
hier	-	hier	ADV	ADV	no	-	-	-	-	-
unterkriechen	-	unterkriechen	VVINF	VINF.Full.-	no	-	-	-	-	-
konnte	-	können	VMFIN	VFIN.Mod.3.Sg.Past.Ind	no	-	-	-	-	-
.	-	--	$.	SYM.Pun.Sent	no	-	-	-	-	-
Aber	-	aber	KON	CONJ.Coord.Aber	yes	-	-	-	-	-
eine	-	ein	ART	ART.Indef.Nom.Sg.Fem	no	-	-	-	-	-
Liebesnärrin	-	Liebesnärrin	NN	N.Reg.Nom.Sg.Fem	no	-	-	-	-	-
,	-	--	$,	SYM.Pun.Comma	no	-	-	-	-	-
wie	-	wie	KOKOM	PROADV.Inter	no	-	-	-	-	-
sie	-	sie	PPER	PRO.Pers.Subst.3.Nom.Sg.Fem	no	-	-	-	-	-
war	-	sein	VAFIN	VFIN.Sein.3.Sg.Past.Ind	no	-	-	-	-	-
,	-	--	$,	SYM.Pun.Comma	no	-	-	-	-	-
wollte	-	wollen	VMFIN	VFIN.Mod.3.Sg.Past.Ind	no	-	-	-	-	-
sie	-	sie	PPER	PRO.Pers.Subst.3.Nom.Sg.Fem	no	-	-	-	-	-
noch	-	noch	ADV	ADV	no	-	-	-	-	-
immer	-	immer	ADV	ADV	no	-	-	-	-	-
gefallen	-	fallen	VVPP	VINF.Full.-	no	-	-	-	-	-
und	-	und	KON	CONJ.Coord.-	no	-	-	-	-	-
suchte	-	suchen	VVFIN	VFIN.Full.3.Sg.Past.Ind	no	-	-	-	-	-
sich	-	sich	PRF	PRO.Refl.Subst.3.Acc.Sg.*	no	-	-	-	-	-
mit	-	mit	APPR	APPR.Dat	no	-	-	-	-	-
gefärbten	-	gefärbt	ADJA	ADJA.Pos.Dat.Pl.Neut	no	-	-	-	-	-
Haaren	-	Haar	NN	N.Reg.Dat.Pl.Neut	no	-	-	-	-	-
und	-	und	KON	CONJ.Coord.-	no	-	-	-	-	-
falschen	-	falsch	ADJA	ADJA.Pos.Dat.Pl.Masc	no	-	-	-	-	-
Zähnen	-	Zahn	NN	N.Reg.*.Pl.Masc	no	-	-	-	-	-
den	-	der	ART	ART.Def.Acc.Sg.Masc	no	-	-	-	-	-
Anschein	-	Anschein	NN	N.Reg.Acc.Sg.Masc	no	-	-	-	-	-
von	-	von	APPR	APPR.Dat	no	-	-	-	-	-
Jugendlichkeit	-	Jugendlichkeit	NN	N.Reg.Dat.Sg.Fem	no	-	-	-	-	-
zu	-	zu	PTKZU	PART.Zu	no	-	-	-	-	-
geben	-	geben	VVINF	VINF.Full.-	no	-	-	-	-	-
.	-	--	$.	SYM.Pun.Sent	no	-	-	-	-	-
Herr	-	Herr	NN	N.Reg.Nom.Sg.Masc	yes	-	-	-	-	-
Weißeneder	-	Weißeneder	NN	N.Name.Nom.Sg.Masc	no	-	-	-	-	-
benützte	-	benützen	VVFIN	VFIN.Full.3.Sg.Past.Ind	no	-	-	-	-	-
diese	-	dieser	PDAT	PRO.Dem.Attr.-.Acc.Sg.Fem	no	-	-	-	-	-
Schwäche	-	Schwäche	NN	N.Reg.Acc.Sg.Fem	no	-	-	-	-	-
und	-	und	KON	CONJ.Coord.-	no	-	-	-	-	-
spielte	-	spielen	VVFIN	VFIN.Full.3.Sg.Past.Ind	no	-	-	-	-	-
sich	-	sich	PRF	PRO.Refl.Subst.3.Acc.Sg.*	no	-	-	-	-	-
als	-	als	KOKOM	APPR.Als	no	-	-	-	-	-
Liebhaber	-	Liebhaber	NN	N.Reg.Nom.Sg.Masc	no	-	-	-	-	-
auf	-	auf	PTKVZ	PART.Verb	no	-	-	-	-	-
,	-	--	$,	SYM.Pun.Comma	no	-	-	-	-	-
um	-	um	KOUI	CONJ.SubInf.-	no	-	-	-	-	-
sie	-	sie	PPER	PRO.Pers.Subst.3.Acc.Pl.*	no	-	-	-	-	-
zu	-	zu	APPR	PART.Deg	no	-	-	-	-	-
allerlei	-	allerlei	PIAT	PRO.Indef.Attr.-.*.*.*	no	-	-	-	-	-
Unterhaltungen	-	Unterhaltung	NN	N.Reg.Acc.Pl.Fem	no	-	-	-	-	-
führen	-	führen	VVINF	VINF.Full.-	no	-	-	-	-	-
zu	-	zu	PTKZU	PART.Zu	no	-	-	-	-	-
können	-	können	VMINF	VINF.Mod.-	no	-	-	-	-	-
,	-	--	$,	SYM.Pun.Comma	no	-	-	-	-	-
wobei	-	wobei	PWAV	CONJ.SubFin.-	no	-	-	-	-	-
sie	-	sie	PPER	PRO.Pers.Subst.3.Nom.Sg.Fem	no	-	-	-	-	-
ihn	-	ihn	PPER	PRO.Pers.Subst.3.Acc.Sg.Masc	no	-	-	-	-	-
natürlich	-	natürlich	ADV	ADV	no	-	-	-	-	-
freihalten	-	freihalten	VVINF	VINF.Full.-	no	-	-	-	-	-
mußte	-	müssen	VMFIN	VFIN.Mod.3.Sg.Past.Ind	no	-	-	-	-	-
.	-	--	$.	SYM.Pun.Sent	no	-	-	-	-	-
Denn	-	denn	KON	CONJ.Coord.Denn	yes	-	-	-	-	-
sie	-	sie	PPER	PRO.Pers.Subst.3.Nom.Sg.Fem	no	-	-	-	-	-
setzte	-	setzen	VVFIN	VFIN.Full.3.Sg.Past.Ind	no	-	-	-	-	-
auch	-	auch	ADV	ADV	no	-	-	-	-	-
in	-	in	APPR	APPR.In	no	-	-	-	-	-
der	-	der	ART	ART.Def.Dat.Sg.Fem	no	-	-	-	-	-
Versorgung	-	Versorgung	NN	N.Reg.Dat.Sg.Fem	no	-	-	-	-	-
das	-	der	ART	ART.Def.Acc.Sg.Neut	no	reported.writing.2	-	-	-	-
langbetriebene	-	langbetrieben	ADJA	ADJA.Pos.Acc.Sg.Neut	no	reported.writing.2	-	-	-	-
Geschäft	-	Geschäft	NN	N.Reg.Acc.Sg.Neut	no	reported.writing.2	-	-	-	-
des	-	der	ART	ART.Def.Gen.Sg.Neut	no	reported.writing.2	-	-	-	-
Schreibens	-	schreiben	NN	N.Reg.Gen.Sg.Neut	no	reported.writing.2	-	-	-	-
von	-	von	APPR	APPR.Dat	no	reported.writing.2	-	-	-	-
Bettelbriefen	-	Bettelbrief	NN	N.Reg.Dat.Pl.Masc	no	reported.writing.2	-	-	-	-
fort	-	fort	PTKVZ	PART.Verb	no	-	-	-	-	-
,	-	--	$,	SYM.Pun.Comma	no	-	-	-	-	-
die	-	der	PRELS	PRO.Rel.Subst.-.Nom.Pl.Masc	no	-	-	-	-	-
meist	-	meist	ADV	ADV	no	-	-	-	-	-
an	-	an	APPR	APPR.An	no	-	-	-	-	-
ehemalige	-	ehemalig	ADJA	ADJA.Pos.Acc.Pl.Masc	no	-	-	-	-	-
,	-	--	$,	SYM.Pun.Comma	no	-	-	-	-	-
jetzt	-	jetzt	ADV	ADV	no	-	-	-	-	-
in	-	in	APPR	APPR.In	no	-	-	-	-	-
hervorragenden	-	hervorragend	ADJA	ADJA.Pos.Dat.Pl.Fem	no	-	-	-	-	-
Lebensstellungen	-	Lebensstellung	NN	N.Reg.Dat.Pl.Fem	no	-	-	-	-	-
befindliche	-	befindlich	ADJA	ADJA.Pos.Acc.Pl.Masc	no	-	-	-	-	-
Schüler	-	Schüler	NN	N.Reg.Acc.Pl.Masc	no	-	-	-	-	-
ihres	-	ihr	PPOSAT	PRO.Poss.Attr.-.Gen.Sg.Masc	no	-	-	-	-	-
Vaters	-	Vater	NN	N.Reg.Gen.Sg.Masc	no	-	-	-	-	-
gerichtet	-	richten	VVPP	VPP.Full.Psp	no	-	-	-	-	-
waren	-	sein	VAFIN	VFIN.Sein.3.Pl.Past.Ind	no	-	-	-	-	-
und	-	und	KON	CONJ.Coord.-	no	-	-	-	-	-
nicht	-	nicht	PTKNEG	PART.Neg	no	-	-	-	-	-
seiten	-	seite	APPR	N.Reg.Dat.Pl.Fem	no	-	-	-	-	-
ganz	-	ganz	ADV	ADV	no	-	-	-	-	-
erkleckliche	-	erklecklich	ADJA	ADJA.Pos.Acc.Pl.Fem	no	-	-	-	-	-
Unterstützungen	-	Unterstützung	NN	N.Reg.Acc.Pl.Fem	no	-	-	-	-	-
eintrugen	-	eintragen	VVFIN	VFIN.Full.3.Pl.Past.Ind	no	-	-	-	-	-
.	-	--	$.	SYM.Pun.Sent	no	-	-	-	-	-
Den	-	der	ART	N.Name.*.*.*	yes	-	-	-	-	-
Schirmer	-	Schirmer	NN	N.Name.Dat.Sg.*	no	-	-	-	-	-
aber	-	aber	KON	ADV	no	-	-	-	-	-
haßte	-	hassen	VVFIN	VFIN.Full.3.Sg.Past.Ind	no	-	-	-	-	-
sie	-	sie	PPER	PRO.Pers.Subst.3.Nom.Sg.Fem	no	-	-	-	-	-
,	-	--	$,	SYM.Pun.Comma	no	-	-	-	-	-
weil	-	weil	KOUS	CONJ.SubFin.-	no	-	-	-	-	-
er	-	er	PPER	PRO.Pers.Subst.3.Nom.Sg.Masc	no	-	-	-	-	-
ihr	-	ihr	PPER	PRO.Pers.Subst.3.Dat.Sg.Fem	no	-	-	-	-	-
die	-	der	ART	ART.Def.Acc.Sg.Fem	no	-	-	-	-	-
Huldigung	-	Huldigung	NN	N.Reg.Acc.Sg.Fem	no	-	-	-	-	-
,	-	--	$,	SYM.Pun.Comma	no	-	-	-	-	-
die	-	der	PRELS	PRO.Rel.Subst.-.Acc.Sg.Fem	no	-	-	-	-	-
sie	-	sie	PPER	PRO.Pers.Subst.3.Nom.Pl.*	no	-	-	-	-	-
von	-	von	APPR	APPR.Dat	no	-	-	-	-	-
jedem	-	jeder	PIAT	PRO.Indef.Attr.-.Dat.Sg.Masc	no	-	-	-	-	-
neuen	-	neu	ADJA	ADJA.Pos.Dat.Sg.Masc	no	-	-	-	-	-
Ankömmling	-	Ankömmling	NN	N.Reg.Dat.Sg.Masc	no	-	-	-	-	-
im	-	in	APPRART	APPRART.Dat.Sg.Neut	no	-	-	-	-	-
Herrenzimmer	-	Herrenzimmer	NN	N.Reg.Dat.Sg.Neut	no	-	-	-	-	-
erwartete	-	erwartet	VVFIN	VFIN.Full.3.Sg.Past.Ind	no	-	-	-	-	-
,	-	--	$,	SYM.Pun.Comma	no	-	-	-	-	-
nicht	-	nicht	PTKNEG	PART.Neg	no	-	-	-	-	-
dargebracht	-	darbringen	VVPP	VPP.Full.Psp	no	-	-	-	-	-
hatte	-	haben	VAFIN	VFIN.Haben.3.Sg.Past.Ind	no	-	-	-	-	-
.	-	--	$.	SYM.Pun.Sent	no	-	-	-	-	-
So	-	so	ADV	ADV	yes	-	-	-	-	-
war	-	sein	VAFIN	VFIN.Sein.3.Sg.Past.Ind	no	-	-	-	-	-
denn	-	denn	ADV	ADV	no	-	-	-	-	-
im	-	in	APPRART	APPRART.Dat.Sg.Neut	no	-	-	-	-	-
ganzen	-	ganz	ADJA	ADJA.Pos.Dat.Sg.Neut	no	-	-	-	-	-
Hause	-	Haus	NN	N.Reg.Dat.Sg.Neut	no	-	-	-	-	-
keine	-	kein	PIAT	PRO.Indef.Attr.-.Acc.Sg.Fem	no	-	-	-	-	-
Seele	-	Seele	NN	N.Reg.Acc.Sg.Fem	no	-	-	-	-	-
,	-	--	$,	SYM.Pun.Comma	no	-	-	-	-	-
die	-	der	PRELS	PRO.Rel.Subst.-.Nom.Sg.Fem	no	-	-	-	-	-
dem	-	der	ART	ART.Def.Dat.Sg.*	no	-	-	-	-	-
Ärmsten	-	arme	NN	N.Reg.Dat.Sg.*	no	-	-	-	-	-
wohlwollte	-	wohlwollen	VVFIN	VFIN.Full.3.Sg.Past.Ind	no	-	-	-	-	-
;	-	--	$.	SYM.Pun.Sent	no	-	-	-	-	-
die	-	der	ART	ART.Def.Nom.Pl.*	no	-	-	-	-	-
alten	-	alt	ADJA	ADJA.Pos.Nom.Pl.*	no	-	-	-	-	-
Leute	-	Leute	NN	N.Reg.Nom.Pl.*	no	-	-	-	-	-
,	-	--	$,	SYM.Pun.Comma	no	-	-	-	-	-
die	-	der	PRELS	PRO.Rel.Subst.-.Nom.Pl.Fem	no	-	-	-	-	-
unten	-	unten	ADV	ADV	no	-	-	-	-	-
in	-	in	APPR	APPR.In	no	-	-	-	-	-
der	-	der	ART	ART.Def.Dat.Sg.Fem	no	-	-	-	-	-
gemeinsamen	-	gemeinsam	ADJA	ADJA.Pos.Dat.Sg.Fem	no	-	-	-	-	-
Männerabteilung	-	Männerabteilung	NN	N.Reg.Dat.Sg.Fem	no	-	-	-	-	-
zusammengepfercht	-	zusammenpferchen	VVPP	VPP.Full.Psp	no	-	-	-	-	-
waren	-	sein	VAFIN	VFIN.Sein.3.Pl.Past.Ind	no	-	-	-	-	-
,	-	--	$,	SYM.Pun.Comma	no	-	-	-	-	-
hatten	-	haben	VAFIN	VFIN.Haben.3.Pl.Past.Ind	no	-	-	-	-	-
ja	-	ja	ADV	ADV	no	-	-	-	-	-
auch	-	auch	ADV	ADV	no	-	-	-	-	-
nur	-	nur	ADV	ADV	no	-	-	-	-	-
scheele	-	scheel	ADJA	ADJA.Pos.Nom.Pl.Masc	no	-	-	-	-	-
Blicke	-	Blick	NN	N.Reg.Nom.Pl.Masc	no	-	-	-	-	-
für	-	für	APPR	APPR.Acc	no	-	-	-	-	-
die	-	der	ART	ART.Def.Acc.Sg.Fem	no	-	-	-	-	-
bevorzugten	-	bevorzugt	ADJA	ADJA.Pos.Acc.Sg.Masc	no	-	-	-	-	-
Oberen	-	Obere	NN	N.Reg.Acc.Sg.Masc	no	-	-	-	-	-
.	-	--	$.	SYM.Pun.Sent	no	-	-	-	-	-
Nun	-	nun	ADV	ADV	yes	-	-	-	-	-
aber	-	aber	ADV	ADV	no	-	-	-	-	-
war	-	sein	VAFIN	VFIN.Sein.3.Sg.Past.Ind	no	-	-	-	-	-
plötzlich	-	plötzlich	ADJD	ADJD.Pos	no	-	-	-	-	-
ein	-	ein	ART	ART.Indef.Nom.Sg.Masc	no	-	-	-	-	-
Sonnenstrahl	-	Sonnenstrahl	NN	N.Reg.Nom.Sg.Masc	no	-	-	-	-	-
in	-	in	APPR	APPR.In	no	-	-	-	-	-
das	-	der	ART	ART.Def.Acc.Sg.Neut	no	-	-	-	-	-
öde	-	öde	ADJA	ADJA.Pos.Acc.Sg.Neut	no	-	-	-	-	-
Dunkel	-	Dunkel	NN	N.Reg.Acc.Sg.Neut	no	-	-	-	-	-
seines	-	sein	PPOSAT	PRO.Poss.Attr.-.Gen.Sg.Neut	no	-	-	-	-	-
Daseins	-	Dasein	NN	N.Reg.Gen.Sg.Neut	no	-	-	-	-	-
gefallen	-	fallen	VVPP	VPP.Full.Psp	no	-	-	-	-	-
.	-	--	$.	SYM.Pun.Sent	no	-	-	-	-	-
Frau	-	Frau	NN	N.Reg.Nom.Sg.Fem	yes	-	-	-	-	-
Weigel	-	Weigel	NE	N.Name.Nom.Sg.*	no	-	-	-	-	-
,	-	--	$,	SYM.Pun.Comma	no	-	-	-	-	-
die	-	der	PRELS	ART.Def.Nom.Sg.Fem	no	-	-	-	-	-
Rosi	-	Rosi	NE	N.Name.Nom.Sg.Fem	no	-	-	-	-	-
,	-	--	$,	SYM.Pun.Comma	no	-	-	-	-	-
war	-	sein	VAFIN	VFIN.Sein.3.Sg.Past.Ind	no	-	-	-	-	-
mit	-	mit	APPR	APPR.Dat	no	-	-	-	-	-
ihm	-	ihm	PPER	PRO.Pers.Subst.3.Dat.Sg.Masc	no	-	-	-	-	-
unter	-	unter	APPR	APPR.Unter	no	-	-	-	-	-
einem	-	ein	ART	ART.Indef.Dat.Sg.Neut	no	-	-	-	-	-
Dache	-	Dache	NN	N.Reg.Dat.Sg.Neut	no	-	-	-	-	-
.	-	--	$.	SYM.Pun.Sent	no	-	-	-	-	-
Nun	-	nun	ADV	ADV	yes	-	-	-	-	-
hatte	-	haben	VAFIN	VFIN.Haben.3.Sg.Past.Ind	no	-	-	-	-	-
er	-	er	PPER	PRO.Pers.Subst.3.Nom.Sg.Masc	no	-	-	-	-	-
jemand	-	jemand	PIS	PRO.Indef.Subst.-.Nom.Sg.Masc	no	-	-	-	-	-
,	-	--	$,	SYM.Pun.Comma	no	-	-	-	-	-
mit	-	mit	APPR	APPR.Dat	no	reported.speech.3.nonfact	-	-	-	-
dem	-	der	PRELS	PRO.Rel.Subst.-.Dat.Sg.Masc	no	reported.speech.3.nonfact	-	-	-	-
er	-	er	PPER	PRO.Pers.Subst.3.Nom.Sg.Masc	no	reported.speech.3.nonfact	-	-	-	-
einmal	-	einmal	ADV	ADV	no	reported.speech.3.nonfact	-	-	-	-
vom	-	von	APPRART	APPRART.Dat.Sg.Neut	no	reported.speech.3.nonfact	-	-	-	-
Herzen	-	Herzen	NN	N.Reg.Dat.Sg.Neut	no	reported.speech.3.nonfact	-	-	-	-
weg	-	weg	ADV	ADV	no	reported.speech.3.nonfact	-	-	-	-
reden	-	reden	VVINF	VINF.Full.-	no	reported.speech.3.nonfact	-	-	-	-
konnte	-	können	VMFIN	VFIN.Mod.3.Sg.Past.Ind	no	reported.speech.3.nonfact	-	-	-	-
.	-	--	$.	SYM.Pun.Sent	no	reported.speech.3.nonfact	-	-	-	-
