tok	normtok	lemma	pos	rfpos	sentstart	stwr	frame	speaker	intexpr	note
Die	-	der	ART	ART.Def.Nom.Pl.Neut	yes	-	-	-	-	-
blutleeren	-	blutleer	ADJA	ADJA.Pos.Nom.Pl.Neut	no	-	-	-	-	-
roten	-	rot	ADJA	ADJA.Pos.Nom.Pl.Neut	no	-	-	-	-	-
Augen	-	Auge	NN	N.Reg.Nom.Pl.Neut	no	-	-	-	-	-
lagen	-	liegen	VVFIN	VFIN.Full.3.Pl.Past.Ind	no	-	-	-	-	-
tränend	-	tränend	ADJD	ADJD.Pos	no	-	-	-	-	-
in	-	in	APPR	APPR.In	no	-	-	-	-	-
schmierigen	-	schmierig	ADJA	ADJA.Pos.Acc.Pl.Masc	no	-	-	-	-	-
Schatten	-	Schatten	NN	N.Reg.Acc.Pl.Masc	no	-	-	-	-	-
.	-	--	$.	SYM.Pun.Sent	no	-	-	-	-	-
Die	-	der	ART	ART.Def.Nom.Sg.Fem	yes	-	-	-	-	-
Stimme	-	Stimme	NN	N.Reg.Nom.Sg.Fem	no	-	-	-	-	-
hatte	-	haben	VAFIN	VFIN.Haben.3.Sg.Past.Ind	no	-	-	-	-	-
nur	-	nur	ADV	ADV	no	-	-	-	-	-
einen	-	ein	ART	ART.Indef.Acc.Sg.Masc	no	-	-	-	-	-
Singsangton	-	Singsangton	NN	N.Reg.Acc.Sg.Masc	no	-	-	-	-	-
,	-	--	$,	SYM.Pun.Comma	no	-	-	-	-	-
der	-	der	PRELS	PRO.Rel.Subst.-.Nom.Sg.Masc	no	-	-	-	-	-
klang	-	klingen	VVFIN	VFIN.Full.3.Sg.Past.Ind	no	-	-	-	-	-
maniriert	-	manirieren	ADJD	ADJD.Pos	no	-	-	-	-	-
melancholisch	-	melancholisch	ADJD	ADJD.Pos	no	-	-	-	-	-
.	-	--	$.	SYM.Pun.Sent	no	-	-	-	-	-
Schulz	-	Schulz	NE	N.Name.Nom.Sg.Masc	yes	reported.speech.1	-	speaker.1_19	-	-
sprach	-	sprechen	VVFIN	VFIN.Full.3.Sg.Past.Ind	no	reported.speech.1	-	-	intexpr.1	-
kläglich	-	kläglich	ADJD	ADJD.Pos	no	reported.speech.1	-	-	-	-
schwärmend	-	schwärmend	ADJD	ADJD.Pos	no	reported.speech.1	-	-	-	-
von	-	von	APPR	APPR.Dat	no	reported.speech.1	-	-	-	-
Verzweiflung	-	Verzweiflung	NN	N.Reg.Dat.Sg.Fem	no	reported.speech.1	-	-	-	-
,	-	--	$,	SYM.Pun.Comma	no	reported.speech.1	-	-	-	-
Hurerei	-	Hurerei	NN	N.Reg.Dat.Sg.Fem	no	reported.speech.1	-	-	-	-
,	-	--	$,	SYM.Pun.Comma	no	reported.speech.1	-	-	-	-
Zerrissensein	-	Zerrissensein	NN	N.Reg.Dat.Sg.Neut	no	reported.speech.1	-	-	-	-
.	-	--	$.	SYM.Pun.Sent	no	reported.speech.1	-	-	-	-
Daß	-	daß	KOUS	CONJ.SubFin.-	yes	indirect freeIndirect.speech.19	-	-	-	-
er	-	er	PPER	PRO.Pers.Subst.3.Nom.Sg.Masc	no	indirect freeIndirect.speech.19	-	-	-	-
der	-	der	ART	ART.Def.Dat.Sg.Fem	no	indirect freeIndirect.speech.19	-	-	-	-
Lebensfreude	-	Lebensfreude	NN	N.Reg.Dat.Sg.Fem	no	indirect freeIndirect.speech.19	-	-	-	-
überdrüssig	-	überdrüssig	ADJD	ADJD.Pos	no	indirect freeIndirect.speech.19	-	-	-	-
sei	-	sein	VAFIN	VFIN.Sein.3.Sg.Pres.Subj	no	indirect freeIndirect.speech.19	-	-	-	-
.	-	--	$.	SYM.Pun.Sent	no	indirect freeIndirect.speech.19	-	-	-	-
Daß	-	daß	KOUS	CONJ.SubFin.-	yes	indirect freeIndirect.speech.19	-	-	-	-
er	-	er	PPER	PRO.Pers.Subst.3.Nom.Sg.Masc	no	indirect freeIndirect.speech.19	-	-	-	-
seinen	-	sein	PPOSAT	PRO.Poss.Attr.-.Acc.Sg.Masc	no	indirect freeIndirect.speech.19	-	-	-	-
Tod	-	Tod	NN	N.Reg.Acc.Sg.Masc	no	indirect freeIndirect.speech.19	-	-	-	-
bald	-	bald	ADV	ADV	no	indirect freeIndirect.speech.19	-	-	-	-
eingeholt	-	einholen	VVPP	VPP.Full.Psp	no	indirect freeIndirect.speech.19	-	-	-	-
haben	-	haben	VAINF	VINF.Haben.-	no	indirect freeIndirect.speech.19	-	-	-	-
werde	-	werden	VAFIN	VFIN.Aux.3.Sg.Pres.Subj	no	indirect freeIndirect.speech.19	-	-	-	-
.	-	--	$.	SYM.Pun.Sent	no	indirect freeIndirect.speech.19	-	-	-	-
Er	-	er	PPER	PRO.Pers.Subst.3.Nom.Sg.Masc	yes	-	-	-	-	-
vermied	-	vermeiden	VVFIN	VFIN.Full.3.Sg.Past.Ind	no	-	-	-	-	-
Zärtlichkeiten	-	Zärtlichkeit	NN	N.Reg.Acc.Pl.Fem	no	-	-	-	-	-
,	-	--	$,	SYM.Pun.Comma	no	-	-	-	-	-
aber	-	aber	KON	CONJ.Coord.Aber	no	-	-	-	-	-
er	-	er	PPER	PRO.Pers.Subst.3.Nom.Sg.Masc	no	-	-	-	-	-
seufzte	-	seufzen	VVFIN	VFIN.Full.3.Sg.Past.Ind	no	-	-	-	-	-
oft	-	oft	ADV	ADV	no	-	-	-	-	-
schmerzlich	-	schmerzlich	ADJD	ADJD.Pos	no	-	-	-	-	-
.	-	--	$.	SYM.Pun.Sent	no	-	-	-	-	-
Kokettierte	-	kokettierte	VVFIN	N.Reg.Nom.Sg.Masc	yes	-	-	-	-	-
theatralisch	-	theatralisch	ADJD	ADJD.Pos	no	-	-	-	-	-
mit	-	mit	APPR	APPR.Dat	no	-	-	-	-	-
einer	-	ein	ART	ART.Indef.Dat.Sg.Fem	no	-	-	-	-	-
Sehnsucht	-	Sehnsucht	NN	N.Reg.Dat.Sg.Fem	no	-	-	-	-	-
nach	-	nach	APPR	APPR.Dat	no	-	-	-	-	-
dem	-	der	ART	ART.Def.Dat.Sg.Neut	no	-	-	-	-	-
Sterben	-	sterben	NN	N.Reg.Dat.Sg.Neut	no	-	-	-	-	-
.	-	--	$.	SYM.Pun.Sent	no	-	-	-	-	-
Führte	-	Führte	VVFIN	VFIN.Full.3.Sg.Past.Ind	yes	-	-	-	-	-
die	-	der	ART	ART.Def.Nom.Sg.Fem	no	-	-	-	-	-
Freundin	-	Freundin	NN	N.Reg.Nom.Sg.Fem	no	-	-	-	-	-
in	-	in	APPR	APPR.In	no	-	-	-	-	-
leichenreiche	-	leichenreich	ADJA	ADJA.Pos.Acc.Pl.Neut	no	-	-	-	-	-
Trauerspiele	-	Trauerspiel	NN	N.Reg.Acc.Pl.Neut	no	-	-	-	-	-
,	-	--	$,	SYM.Pun.Comma	no	-	-	-	-	-
in	-	in	APPR	APPR.In	no	-	-	-	-	-
düstere	-	düster	ADJA	ADJA.Pos.Acc.Pl.Fem	no	-	-	-	-	-
Kinodramen	-	Kinodrama	NN	N.Reg.Acc.Pl.Fem	no	-	-	-	-	-
,	-	--	$,	SYM.Pun.Comma	no	-	-	-	-	-
in	-	in	APPR	APPR.In	no	-	-	-	-	-
ernste	-	ernst	ADJA	ADJA.Pos.Acc.Pl.Neut	no	-	-	-	-	-
Konzerte	-	Konzert	NN	N.Reg.Acc.Pl.Neut	no	-	-	-	-	-
in	-	in	APPR	APPR.In	no	-	-	-	-	-
verdunkelten	-	verdunkelt	ADJA	ADJA.Pos.Dat.Pl.Masc	no	-	-	-	-	-
Sälen	-	Sälen	NN	N.Reg.Dat.Pl.Masc	no	-	-	-	-	-
.	-	--	$.	SYM.Pun.Sent	no	-	-	-	-	-
Eine	-	ein	ART	ART.Indef.Nom.Sg.Fem	yes	-	-	-	-	-
Woche	-	Woche	NN	N.Reg.Nom.Sg.Fem	no	-	-	-	-	-
war	-	sein	VAFIN	VFIN.Sein.3.Sg.Past.Ind	no	-	-	-	-	-
vielleicht	-	vielleicht	ADV	ADV	no	-	-	-	-	-
vergangen	-	vergehen	VVPP	VPP.Full.Psp	no	-	-	-	-	-
.	-	--	$.	SYM.Pun.Sent	no	-	-	-	-	-
Eine	-	ein	ART	ART.Indef.Nom.Sg.Fem	yes	-	-	-	-	-
Dame	-	--	NN	N.Reg.Nom.Sg.Fem	no	-	-	-	-	-
hatte	-	haben	VAFIN	VFIN.Haben.3.Sg.Past.Ind	no	-	-	-	-	-
gesungen	-	singen	VVPP	VPP.Full.Psp	no	-	-	-	-	-
.	-	--	$.	SYM.Pun.Sent	no	-	-	-	-	-
Die	-	der	ART	ART.Def.Acc.Pl.Fem	yes	-	-	-	-	-
Hände	-	Hand	NN	N.Reg.Acc.Pl.Fem	no	-	-	-	-	-
der	-	der	ART	ART.Def.Gen.Pl.Masc	no	-	-	-	-	-
Zuhörer	-	Zuhörer	NN	N.Reg.Gen.Pl.Masc	no	-	-	-	-	-
knallten	-	knallen	VVFIN	VFIN.Full.3.Pl.Past.Ind	no	-	-	-	-	-
laut	-	laut	ADJD	ADJD.Pos	no	-	-	-	-	-
und	-	und	KON	CONJ.Coord.-	no	-	-	-	-	-
lange	-	lange	ADV	ADJD.Pos	no	-	-	-	-	-
.	-	--	$.	SYM.Pun.Sent	no	-	-	-	-	-
Gottschalk	-	Gottschalk	NE	N.Name.Nom.Sg.Masc	yes	-	frame.6	speaker.6	-	-
Schulz	-	Schulz	NE	N.Name.Nom.Sg.Masc	no	-	frame.6	speaker.6	-	-
faßte	-	fassen	VVFIN	VFIN.Full.3.Sg.Past.Ind	no	-	frame.6	-	-	-
leidenschaftlich	-	leidenschaftlich	ADJD	ADJD.Pos	no	-	frame.6	-	-	-
einige	-	einiger	PIAT	PRO.Indef.Attr.-.Acc.Pl.Masc	no	-	frame.6	-	-	-
Finger	-	Finger	NN	N.Reg.Acc.Pl.Masc	no	-	frame.6	-	-	-
Lisel	-	Lisel	NE	N.Name.Nom.Sg.Masc	no	-	frame.6	-	-	-
Liblichleins	-	Liblichlein	NE	N.Name.Gen.Sg.Masc	no	-	frame.6	-	-	-
,	-	--	$,	SYM.Pun.Comma	no	-	frame.6	-	-	-
legte	-	legen	VVFIN	VFIN.Full.3.Sg.Past.Ind	no	-	frame.6	-	-	-
sie	-	sie	PPER	PRO.Pers.Subst.3.Nom.Sg.Fem	no	-	frame.6	-	-	-
gütig	-	gütig	ADJD	ADJD.Pos	no	-	frame.6	-	-	-
auf	-	auf	APPR	APPR.Auf	no	-	frame.6	-	-	-
einen	-	ein	ART	ART.Indef.Acc.Sg.Masc	no	-	frame.6	-	-	-
Schenkel	-	Schenkel	NN	N.Reg.Acc.Sg.Masc	no	-	frame.6	-	-	-
seiner	-	sein	PPOSAT	PRO.Poss.Attr.-.Gen.Pl.Neut	no	-	frame.6	-	-	-
Beine	-	Bein	NN	N.Reg.Gen.Pl.Neut	no	-	frame.6	-	-	-
,	-	--	$,	SYM.Pun.Comma	no	-	frame.6	-	-	-
sagte	-	sagen	VVFIN	VFIN.Full.3.Sg.Past.Ind	no	-	frame.6	-	intexpr.6	-
:	-	--	$.	SYM.Pun.Colon	no	-	frame.6	-	-	-
»	-	»	$(	N.Name.Nom.Sg.*	no	direct.speech.6	-	-	-	-
Ist	-	sein	VAFIN	VFIN.Sein.3.Sg.Pres.Ind	no	direct.speech.6	-	-	-	-
es	-	es	PPER	PRO.Pers.Subst.3.Nom.Sg.Neut	no	direct.speech.6	-	-	-	-
nicht	-	nicht	PTKNEG	PART.Neg	no	direct.speech.6	-	-	-	-
eigenartig	-	eigenartig	ADJD	ADJD.Pos	no	direct.speech.6	-	-	-	-
,	-	--	$,	SYM.Pun.Comma	no	direct.speech.6	-	-	-	-
wie	-	wie	KOUS	PROADV.Inter	no	direct.speech.6	-	-	-	-
der	-	der	ART	ART.Def.Nom.Sg.Masc	no	direct.speech.6	-	-	-	-
Gesang	-	Gesang	NN	N.Reg.Nom.Sg.Masc	no	direct.speech.6	-	-	-	-
einer	-	ein	ART	ART.Indef.Gen.Sg.Fem	no	direct.speech.6	-	-	-	-
Dame	-	--	NN	N.Reg.Gen.Sg.Fem	no	direct.speech.6	-	-	-	-
einem	-	ein	ART	PRO.Indef.Subst.-.Dat.Sg.Masc	no	direct.speech.6	-	-	-	-
an	-	an	APPR	APPR.An	no	direct.speech.6	-	-	-	-
die	-	der	ART	ART.Def.Acc.Sg.Fem	no	direct.speech.6	-	-	-	-
Seele	-	Seele	NN	N.Reg.Acc.Sg.Fem	no	direct.speech.6	-	-	-	-
greift	-	greifen	VVFIN	VFIN.Full.3.Sg.Pres.Ind	no	direct.speech.6	-	-	-	-
!	-	--	$.	SYM.Pun.Sent	no	direct.speech.6	-	-	-	-
«	-	«	$(	N.Name.Nom.Sg.*	no	direct.speech.6	-	-	-	-
Dann	-	dann	ADV	ADV	yes	reported.speech.7	-	-	-	-
fing	-	fangen	VVFIN	VFIN.Full.3.Sg.Past.Ind	no	reported.speech.7	-	-	intexpr.7	-
er	-	er	PPER	PRO.Pers.Subst.3.Nom.Sg.Masc	no	reported.speech.7	-	speaker.7	-	-
wieder	-	wieder	ADV	ADV	no	reported.speech.7	-	-	-	-
an	-	an	PTKVZ	PART.Verb	no	reported.speech.7	-	-	intexpr.7	-
,	-	--	$,	SYM.Pun.Comma	no	reported.speech.7	-	-	-	-
bittend	-	bittend	ADJD	ADJD.Pos	no	reported.speech.7	-	-	-	-
und	-	und	KON	CONJ.Coord.-	no	reported.speech.7	-	-	-	-
weinerlich	-	weinerlich	ADJD	ADJD.Pos	no	reported.speech.7	-	-	-	-
von	-	von	APPR	APPR.Dat	no	reported.speech.7	-	-	-	-
Liebe	-	Liebe	NN	N.Reg.Dat.Sg.Fem	no	reported.speech.7	-	-	-	-
und	-	und	KON	CONJ.Coord.-	no	reported.speech.7	-	-	-	-
Hingebung	-	Hingebung	NN	N.Reg.Dat.Sg.Fem	no	reported.speech.7	-	-	-	-
zu	-	zu	PTKZU	PART.Zu	no	reported.speech.7	-	-	-	-
reden	-	reden	VVINF	VINF.Full.-	no	reported.speech.7	-	-	-	-
.	-	--	$.	SYM.Pun.Sent	no	reported.speech.7	-	-	-	-
Lisel	-	Lisel	NE	N.Name.Nom.Sg.Masc	yes	-	frame.8	speaker.8	-	-
Liblichlein	-	Liblichlein	NN	N.Name.Nom.Sg.Masc	no	-	frame.8	speaker.8	-	-
sagte	-	sagen	VVFIN	VFIN.Full.3.Sg.Past.Ind	no	-	frame.8	-	intexpr.8	-
,	-	--	$,	SYM.Pun.Comma	no	-	frame.8	-	-	-
dies	-	dieser	PDS	PRO.Dem.Subst.-.Nom.Sg.Neut	no	indirect.speech.8	-	-	-	-
sei	-	sein	VAFIN	VFIN.Sein.3.Sg.Pres.Subj	no	indirect.speech.8	-	-	-	-
ihr	-	ihr	PPER	PRO.Pers.Subst.3.Dat.Sg.Fem	no	indirect.speech.8	-	-	-	-
langweilig	-	langweilig	ADJD	ADJD.Pos	no	indirect.speech.8	-	-	-	-
oder	-	oder	KON	CONJ.Coord.-	no	indirect.speech.8	-	-	-	-
ekelhaft	-	ekelhaft	ADJD	ADJD.Pos	no	indirect.speech.8	-	-	-	-
.	-	--	$.	SYM.Pun.Sent	no	indirect.speech.8	-	-	-	-
Aus	-	Aus	APPR	APPR.Dat	yes	-	frame.9	-	-	-
Mitleid	-	Mitleid	NN	N.Reg.Dat.Sg.Neut	no	-	frame.9	-	-	-
–	-	–	VVFIN	CARD	no	-	-	-	-	-
und	-	und	KON	CONJ.Coord.-	no	-	-	-	-	-
weil	-	weil	KOUS	CONJ.SubFin.-	no	-	-	-	-	-
sie	-	sie	PPER	PRO.Pers.Subst.3.Nom.Sg.Fem	no	-	-	-	-	-
hinaufgehen	-	hinaufgehen	VVINF	VINF.Full.-	no	-	-	-	-	-
wollte	-	wollen	VMFIN	VFIN.Mod.3.Sg.Past.Ind	no	-	-	-	-	-
–	-	–	NN	N.Name.Nom.Sg.*	no	-	-	-	-	-
erklärte	-	erklären	VVFIN	VFIN.Full.3.Sg.Past.Ind	no	-	frame.9	-	intexpr.9	-
sie	-	sie	PPER	PRO.Pers.Subst.3.Acc.Sg.Fem	no	-	frame.9	speaker.9	-	-
schließlich	-	schließlich	ADV	ADV	no	-	frame.9	-	-	-
in	-	in	APPR	APPR.In	no	-	frame.9	-	-	-
der	-	der	ART	ART.Def.Dat.Sg.Fem	no	-	frame.9	-	-	-
Haustür	-	Haustür	NN	N.Reg.Dat.Sg.Fem	no	-	frame.9	-	-	-
,	-	--	$,	SYM.Pun.Comma	no	-	frame.9	-	-	-
mit	-	mit	APPR	APPR.Dat	no	indirect.speech.9	-	-	-	-
der	-	der	ART	ART.Def.Dat.Sg.Fem	no	indirect.speech.9	-	-	-	-
Liebe	-	Liebe	NN	N.Reg.Dat.Sg.Fem	no	indirect.speech.9	-	-	-	-
sei	-	sein	VAFIN	VFIN.Sein.3.Sg.Pres.Subj	no	indirect.speech.9	-	-	-	-
sie	-	sie	PPER	PRO.Pers.Subst.3.Nom.Sg.Fem	no	indirect.speech.9	-	-	-	-
einverstanden	-	einverstanden	ADJD	ADJD.Pos	no	indirect.speech.9	-	-	-	-
,	-	--	$,	SYM.Pun.Comma	no	indirect.speech.9	-	-	-	-
wenn	-	wenn	KOUS	CONJ.SubFin.-	no	indirect.speech.9	-	-	-	-
er	-	er	PPER	PRO.Pers.Subst.3.Nom.Sg.Masc	no	indirect.speech.9	-	-	-	-
auf	-	auf	APPR	APPR.Auf	no	indirect.speech.9	-	-	-	-
die	-	der	ART	ART.Def.Acc.Sg.Fem	no	indirect.speech.9	-	-	-	-
Hingebung	-	Hingebung	NN	N.Reg.Acc.Sg.Fem	no	indirect.speech.9	-	-	-	-
verzichte	-	verzichten	VVFIN	VFIN.Full.3.Sg.Pres.Subj	no	indirect.speech.9	-	-	-	-
.	-	--	$.	SYM.Pun.Sent	no	indirect.speech.9	-	-	-	-
Schulz	-	Schulz	NE	N.Name.Nom.Sg.Masc	yes	-	-	-	-	-
drückte	-	drücken	VVFIN	VFIN.Full.3.Sg.Past.Ind	no	-	-	-	-	-
sie	-	sie	PPER	PRO.Pers.Subst.3.Acc.*.*	no	-	-	-	-	-
glücklich	-	glücklich	ADJD	ADJD.Pos	no	-	-	-	-	-
an	-	an	APPR	APPR.An	no	-	-	-	-	-
sich	-	sich	PRF	PRO.Refl.Subst.3.Dat.Sg.*	no	-	-	-	-	-
.	-	--	$.	SYM.Pun.Sent	no	-	-	-	-	-
Er	-	er	PPER	PRO.Pers.Subst.3.Nom.Sg.Masc	yes	-	-	-	-	-
stand	-	stehen	VVFIN	VFIN.Full.3.Sg.Past.Ind	no	-	-	-	-	-
noch	-	noch	ADV	ADV	no	-	-	-	-	-
lange	-	lange	ADV	ADV	no	-	-	-	-	-
träumend	-	träumend	ADJD	ADJD.Pos	no	-	-	-	-	-
da	-	da	PTKVZ	PART.Verb	no	-	-	-	-	-
.	-	--	$.	SYM.Pun.Sent	no	-	-	-	-	-
Er	-	er	PPER	PRO.Pers.Subst.3.Nom.Sg.Masc	yes	-	frame.10	speaker.10	-	-
sang	-	singen	VVFIN	VFIN.Full.3.Sg.Past.Ind	no	-	frame.10	-	intexpr.10	-
:	-	--	$.	SYM.Pun.Colon	no	-	frame.10	-	-	-
»	-	»	$(	N.Name.*.*.*	no	direct.speech.10	-	-	-	-
O	-	O	NN	N.Name.*.*.*	no	direct.speech.10	-	-	-	-
Tränen	-	Träne	NN	VINF.Full.-	no	direct.speech.10	-	-	-	-
.	-	--	$.	SYM.Pun.Sent	no	direct.speech.10	-	-	-	-
O	-	O	NN	N.Name.Nom.Sg.*	yes	direct.speech.10	-	-	-	-
Güte	-	Güte	NN	N.Reg.Nom.Sg.Fem	no	direct.speech.10	-	-	-	-
.	-	--	$.	SYM.Pun.Sent	no	direct.speech.10	-	-	-	-
O	-	O	NN	N.Name.Nom.Sg.*	yes	direct.speech.10	-	-	-	-
Gott	-	Gott	NN	N.Reg.Nom.Sg.Masc	no	direct.speech.10	-	-	-	-
.	-	--	$.	SYM.Pun.Sent	no	direct.speech.10	-	-	-	-
O	-	O	NN	N.Name.Nom.Sg.*	yes	direct.speech.10	-	-	-	-
Schönheit	-	Schönheit	NN	N.Reg.Nom.Sg.Fem	no	direct.speech.10	-	-	-	-
.	-	--	$.	SYM.Pun.Sent	no	direct.speech.10	-	-	-	-
O	-	O	NN	N.Name.Nom.Sg.*	yes	direct.speech.10	-	-	-	-
Liebe	-	Liebe	NN	N.Reg.Nom.Sg.Fem	no	direct.speech.10	-	-	-	-
.	-	--	$.	SYM.Pun.Sent	no	direct.speech.10	-	-	-	-
O	-	O	NN	N.Name.Nom.Sg.*	yes	direct.speech.10	-	-	-	-
Liebe	-	Liebe	NN	N.Reg.Nom.Sg.Fem	no	direct.speech.10	-	-	-	-
.	-	--	$.	SYM.Pun.Sent	no	direct.speech.10	-	-	-	-
O	-	O	NN	N.Name.Nom.Sg.*	yes	direct.speech.10	-	-	-	-
Liebe	-	Liebe	NN	N.Reg.Nom.Sg.Fem	no	direct.speech.10	-	-	-	-
...	-	--	$.	SYM.Pun.Cont	no	direct.speech.10	-	-	-	-
«	-	«	$(	N.Name.Nom.Sg.*	no	direct.speech.10	-	-	-	-
Er	-	er	PPER	PRO.Pers.Subst.3.Nom.Sg.Masc	yes	-	-	-	-	-
stürzte	-	stürzen	VVFIN	VFIN.Full.3.Sg.Past.Ind	no	-	-	-	-	-
durch	-	durch	APPR	APPR.Acc	no	-	-	-	-	-
die	-	der	ART	ART.Def.Acc.Pl.Fem	no	-	-	-	-	-
Straßen	-	Straße	NN	N.Reg.Acc.Pl.Fem	no	-	-	-	-	-
.	-	--	$.	SYM.Pun.Sent	no	-	-	-	-	-
In	-	in	APPR	APPR.In	yes	-	-	-	-	-
dem	-	der	ART	ART.Def.Dat.Sg.Neut	no	-	-	-	-	-
Klößchen	-	Klößchen	NN	N.Reg.Dat.Sg.Neut	no	-	-	-	-	-
war	-	sein	VAFIN	VFIN.Sein.3.Sg.Past.Ind	no	-	-	-	-	-
er	-	er	PPER	PRO.Pers.Subst.3.Nom.Sg.Masc	no	-	-	-	-	-
verschwunden	-	verschwinden	VVPP	VPP.Full.Psp	no	-	-	-	-	-
.	-	--	$.	SYM.Pun.Sent	no	-	-	-	-	-
Lisel	-	Lisel	NE	N.Name.Nom.Sg.Masc	yes	-	-	-	-	-
Liblichlein	-	Liblichlein	NN	N.Name.Nom.Sg.Masc	no	-	-	-	-	-
aber	-	aber	KON	ADV	no	-	-	-	-	-
saß	-	sitzen	VVFIN	VFIN.Full.3.Sg.Past.Ind	no	-	-	-	-	-
in	-	in	APPR	APPR.In	no	-	-	-	-	-
ihrem	-	ihr	PPOSAT	PRO.Poss.Attr.-.Dat.Sg.Neut	no	-	-	-	-	-
kleinen	-	klein	ADJA	ADJA.Pos.Dat.Sg.Neut	no	-	-	-	-	-
Zimmer	-	Zimmer	NN	N.Reg.Dat.Sg.Neut	no	-	-	-	-	-
unbeholfen	-	unbeholfen	ADJD	ADJD.Pos	no	-	-	-	-	-
lächelnd	-	lächelnd	ADJD	ADJD.Pos	no	-	-	-	-	-
bei	-	bei	APPR	APPR.Dat	no	-	-	-	-	-
einem	-	ein	ART	ART.Indef.Dat.Sg.Neut	no	-	-	-	-	-
rötlichen	-	rötlich	ADJA	ADJA.Pos.Dat.Sg.Neut	no	-	-	-	-	-
Talglicht	-	Talglicht	NN	N.Reg.Dat.Sg.Neut	no	-	-	-	-	-
.	-	--	$.	SYM.Pun.Sent	no	-	-	-	-	-
Sie	-	sie	PPER	PRO.Pers.Subst.3.Nom.Sg.Fem	yes	reported.thought.11	-	speaker.11	-	-
begriff	-	begreifen	VVFIN	VFIN.Full.3.Sg.Past.Ind	no	reported.thought.11	-	-	intexpr.11	-
diese	-	dieser	PDAT	PRO.Dem.Attr.-.Acc.Pl.Masc	no	reported.thought.11	-	-	-	-
Menschen	-	Mensch	NN	N.Reg.Acc.Pl.Masc	no	reported.thought.11	-	-	-	-
der	-	der	ART	ART.Def.Gen.Sg.Fem	no	reported.thought.11	-	-	-	-
Stadt	-	Stadt	NN	N.Reg.Gen.Sg.Fem	no	reported.thought.11	-	-	-	-
nicht	-	nicht	PTKNEG	PART.Neg	no	reported.thought.11	-	-	-	-
,	-	--	$,	SYM.Pun.Comma	no	reported.thought.11	-	-	-	-
die	-	der	PDS	PRO.Dem.Subst.-.Nom.Pl.Masc	no	reported.thought.11	-	-	-	-
schienen	-	scheinen	VVFIN	VFIN.Full.3.Pl.Past.Ind	no	reported.thought.11	-	-	-	-
ihr	-	ihr	PPOSAT	PRO.Poss.Attr.-.Acc.Sg.Neut	no	reported.thought.11	-	-	-	-
seltsame	-	seltsam	ADJA	ADJA.Pos.Acc.Sg.Neut	no	reported.thought.11	-	-	-	-
,	-	--	$,	SYM.Pun.Comma	no	reported.thought.11	-	-	-	-
gefährliche	-	gefährlich	ADJA	ADJA.Pos.Acc.Sg.Neut	no	reported.thought.11	-	-	-	-
Tiere	-	Tier	NN	N.Reg.Acc.Sg.Neut	no	reported.thought.11	-	-	-	-
.	-	--	$.	SYM.Pun.Sent	no	reported.thought.11	-	-	-	-
Sie	-	sie	PPER	PRO.Pers.Subst.3.Nom.Sg.Fem	yes	-	-	-	-	-
fühlte	-	fühlen	VVFIN	VFIN.Full.3.Sg.Past.Ind	no	-	-	-	-	-
sich	-	sich	PRF	PRO.Refl.Subst.3.Acc.Sg.*	no	-	-	-	-	-
verlassen	-	verlassen	ADJD	VPP.Full.Psp	no	-	-	-	-	-
und	-	und	KON	CONJ.Coord.-	no	-	-	-	-	-
einsamer	-	einsam	ADJD	ADJD.Comp	no	-	-	-	-	-
als	-	als	KOKOM	CONJ.Coord.Als	no	-	-	-	-	-
früher	-	früh	ADJD	ADJD.Comp	no	-	-	-	-	-
.	-	--	$.	SYM.Pun.Sent	no	-	-	-	-	-
Sie	-	sie	PPER	PRO.Pers.Subst.3.Nom.Sg.Fem	yes	reported.thought.13	-	speaker.13	-	-
dachte	-	denken	VVFIN	VFIN.Full.3.Sg.Past.Ind	no	reported.thought.13	-	-	intexpr.13	-
sehnsüchtig	-	sehnsüchtig	ADJD	ADJD.Pos	no	reported.thought.13	-	-	-	-
an	-	an	APPR	APPR.An	no	reported.thought.13	-	-	-	-
die	-	der	ART	ART.Def.Acc.Sg.Fem	no	reported.thought.13	-	-	-	-
harmlose	-	harmlos	ADJA	ADJA.Pos.Acc.Sg.Fem	no	reported.thought.13	-	-	-	-
Heimat	-	Heimat	NN	N.Reg.Acc.Sg.Fem	no	reported.thought.13	-	-	-	-
:	-	--	$.	SYM.Pun.Colon	no	reported.thought.13	-	-	-	-
an	-	an	APPR	APPR.An	no	reported.thought.13	-	-	-	-
den	-	der	ART	ART.Def.Acc.Sg.Masc	no	reported.thought.13	-	-	-	-
luftigen	-	luftig	ADJA	ADJA.Pos.Acc.Sg.Masc	no	reported.thought.13	-	-	-	-
Himmel	-	Himmel	NN	N.Reg.Acc.Sg.Masc	no	reported.thought.13	-	-	-	-
,	-	--	$,	SYM.Pun.Comma	no	reported.thought.13	-	-	-	-
an	-	an	APPR	APPR.An	no	reported.thought.13	-	-	-	-
die	-	der	ART	ART.Def.Acc.Pl.Masc	no	reported.thought.13	-	-	-	-
lächerlichen	-	lächerlich	ADJA	ADJA.Pos.Acc.Pl.Masc	no	reported.thought.13	-	-	-	-
jungen	-	jung	ADJA	ADJA.Pos.Acc.Pl.Masc	no	reported.thought.13	-	-	-	-
Herren	-	Herr	NN	N.Reg.Acc.Pl.Masc	no	reported.thought.13	-	-	-	-
,	-	--	$,	SYM.Pun.Comma	no	reported.thought.13	-	-	-	-
an	-	an	APPR	APPR.An	no	reported.thought.13	-	-	-	-
die	-	der	ART	ART.Def.Acc.Sg.Fem	no	reported.thought.13	-	-	-	-
Tennisturniere	-	Tennisturnier	NN	N.Reg.Acc.Sg.Fem	no	reported.thought.13	-	-	-	-
,	-	--	$,	SYM.Pun.Comma	no	reported.thought.13	-	-	-	-
an	-	an	APPR	APPR.An	no	reported.thought.13	-	-	-	-
die	-	der	ART	ART.Def.Acc.Pl.Masc	no	reported.thought.13	-	-	-	-
wehmütigen	-	wehmütig	ADJA	ADJA.Pos.Acc.Pl.Masc	no	reported.thought.13	-	-	-	-
Sonntagnachmittage	-	Sonntagnachmittag	NN	N.Reg.Acc.Pl.Masc	no	reported.thought.13	-	-	-	-
...	-	--	$.	SYM.Pun.Cont	no	-	-	-	-	-
sie	-	sie	PPER	PRO.Pers.Subst.3.Nom.Sg.Fem	no	-	-	-	-	-
knöpfte	-	knöpfen	VVFIN	VFIN.Full.3.Sg.Past.Ind	no	-	-	-	-	-
die	-	der	ART	ART.Def.Acc.Pl.Masc	no	-	-	-	-	-
Strumpfhalter	-	Strumpfhalter	NN	N.Reg.Acc.Pl.Masc	no	-	-	-	-	-
ab	-	ab	PTKVZ	PART.Verb	no	-	-	-	-	-
,	-	--	$,	SYM.Pun.Comma	no	-	-	-	-	-
legte	-	legen	VVFIN	VFIN.Full.3.Sg.Past.Ind	no	-	-	-	-	-
das	-	der	ART	ART.Def.Nom.Sg.Neut	no	-	-	-	-	-
Leibchen	-	Leibchen	NN	N.Reg.Nom.Sg.Neut	no	-	-	-	-	-
auf	-	auf	APPR	APPR.Auf	no	-	-	-	-	-
einen	-	ein	ART	ART.Indef.Acc.Sg.Masc	no	-	-	-	-	-
Stuhl	-	Stuhl	NN	N.Reg.Acc.Sg.Masc	no	-	-	-	-	-
.	-	--	$.	SYM.Pun.Sent	no	-	-	-	-	-
Sie	-	sie	PPER	PRO.Pers.Subst.3.Nom.Sg.Fem	yes	-	-	-	-	-
war	-	sein	VAFIN	VFIN.Sein.3.Sg.Past.Ind	no	-	-	-	-	-
trostlos	-	trostlos	ADJD	ADJD.Pos	no	-	-	-	-	-
.	-	--	$.	SYM.Pun.Sent	no	-	-	-	-	-
II	-	II	CARD	CARD	yes	-	-	-	-	-
In	-	in	APPR	APPR.In	yes	-	-	-	-	-
einem	-	ein	ART	ART.Indef.Dat.Sg.Masc	no	-	-	-	-	-
durchsichtigen	-	durchsichtig	ADJA	ADJA.Pos.Dat.Sg.Masc	no	-	-	-	-	-
Sommerabend	-	Sommerabend	NN	N.Reg.Dat.Sg.Masc	no	-	-	-	-	-
war	-	sein	VAFIN	VFIN.Sein.3.Sg.Past.Ind	no	-	-	-	-	-
das	-	der	ART	ART.Def.Nom.Sg.Neut	no	-	-	-	-	-
leuchtende	-	leuchtend	ADJA	ADJA.Pos.Nom.Sg.Neut	no	-	-	-	-	-
Café	-	Café	NN	N.Reg.Nom.Sg.Neut	no	-	-	-	-	-
Klößchen	-	Klößchen	NN	N.Reg.Nom.Sg.Neut	no	-	-	-	-	-
.	-	--	$.	SYM.Pun.Sent	no	-	-	-	-	-
Stadthimmel	-	Stadthimmel	NN	N.Reg.Nom.Sg.Masc	yes	-	-	-	-	-
aus	-	aus	APPR	APPR.Dat	no	-	-	-	-	-
dunkelblauer	-	dunkelblau	ADJA	ADJA.Pos.Dat.Sg.Fem	no	-	-	-	-	-
Seide	-	Seide	NN	N.Reg.Dat.Sg.Fem	no	-	-	-	-	-
,	-	--	$,	SYM.Pun.Comma	no	-	-	-	-	-
auf	-	auf	APPR	APPR.Auf	no	-	-	-	-	-
dem	-	der	ART	PRO.Rel.Subst.-.Dat.Sg.Neut	no	-	-	-	-	-
weißer	-	weiß	ADJA	ADJA.Pos.Nom.Sg.Masc	no	-	-	-	-	-
Mond	-	Mond	NN	N.Reg.Nom.Sg.Masc	no	-	-	-	-	-
und	-	und	KON	CONJ.Coord.-	no	-	-	-	-	-
viele	-	vieler	PIAT	PRO.Indef.Attr.-.Nom.Pl.Masc	no	-	-	-	-	-
kleine	-	klein	ADJA	ADJA.Pos.Nom.Pl.Masc	no	-	-	-	-	-
Sterne	-	Stern	NN	N.Reg.Nom.Pl.Masc	no	-	-	-	-	-
lagen	-	liegen	VVFIN	VFIN.Full.3.Pl.Past.Ind	no	-	-	-	-	-
,	-	--	$,	SYM.Pun.Comma	no	-	-	-	-	-
umhüllte	-	umhüllen	VVFIN	VFIN.Full.3.Sg.Past.Ind	no	-	-	-	-	-
es	-	es	PPER	PRO.Pers.Subst.3.Nom.Sg.Neut	no	-	-	-	-	-
.	-	--	$.	SYM.Pun.Sent	no	-	-	-	-	-
In	-	in	APPR	APPR.In	yes	-	-	-	-	-
einem	-	ein	ART	ART.Indef.Dat.Sg.Masc	no	-	-	-	-	-
Hintergrund	-	Hintergrund	NN	N.Reg.Dat.Sg.Masc	no	-	-	-	-	-
saß	-	sitzen	VVFIN	VFIN.Full.3.Sg.Past.Ind	no	-	-	-	-	-
,	-	--	$,	SYM.Pun.Comma	no	-	-	-	-	-
lange	-	lang	ADV	ADV	no	-	-	-	-	-
Zeit	-	Zeit	NN	N.Reg.Nom.Sg.Fem	no	-	-	-	-	-
,	-	--	$,	SYM.Pun.Comma	no	-	-	-	-	-
bevor	-	bevor	KOUS	CONJ.SubFin.-	no	-	-	-	-	-
er	-	er	PPER	PRO.Pers.Subst.3.Nom.Sg.Masc	no	-	-	-	-	-
plötzlich	-	plötzlich	ADJD	ADJD.Pos	no	-	-	-	-	-
starb	-	sterben	VVFIN	VFIN.Full.3.Sg.Past.Ind	no	-	-	-	-	-
,	-	--	$,	SYM.Pun.Comma	no	-	-	-	-	-
einsam	-	einsam	ADJD	ADJD.Pos	no	-	-	-	-	-
und	-	und	KON	CONJ.Coord.-	no	-	-	-	-	-
rauchend	-	rauchend	ADJD	ADJD.Pos	no	-	-	-	-	-
bei	-	bei	APPR	APPR.Dat	no	-	-	-	-	-
einem	-	ein	ART	ART.Indef.Dat.Sg.Masc	no	-	-	-	-	-
winzigen	-	winzig	ADJA	ADJA.Pos.Dat.Sg.Masc	no	-	-	-	-	-
Tisch	-	Tisch	NN	N.Reg.Dat.Sg.Masc	no	-	-	-	-	-
,	-	--	$,	SYM.Pun.Comma	no	-	-	-	-	-
auf	-	auf	APPR	APPR.Auf	no	-	-	-	-	-
dem	-	der	PRELS	PRO.Rel.Subst.-.Dat.Sg.Masc	no	-	-	-	-	-
etwas	-	etwas	PIS	PRO.Indef.Subst.-.*.*.Neut	no	-	-	-	-	-
stand	-	stehen	VVFIN	VFIN.Full.3.Sg.Past.Ind	no	-	-	-	-	-
,	-	--	$,	SYM.Pun.Comma	no	-	-	-	-	-
der	-	der	ART	ART.Def.Nom.Sg.Masc	no	-	-	-	-	-
bucklige	-	bucklig	ADJA	ADJA.Pos.Nom.Sg.Masc	no	-	-	-	-	-
Dichter	-	Dichter	NN	N.Reg.Nom.Sg.Masc	no	-	-	-	-	-
Kuno	-	Kuno	NE	N.Name.Nom.Sg.Masc	no	-	-	-	-	-
Kohn	-	Kohn	NE	N.Name.Nom.Sg.*	no	-	-	-	-	-
.	-	--	$.	SYM.Pun.Sent	no	-	-	-	-	-
Um	-	um	APPR	APPR.Acc	yes	-	-	-	-	-
andere	-	anderer	PIAT	ADJA.Pos.Acc.Pl.Masc	no	-	-	-	-	-
Tische	-	Tisch	NN	N.Reg.Acc.Pl.Masc	no	-	-	-	-	-
hockten	-	hocken	VVFIN	VFIN.Full.3.Pl.Past.Ind	no	-	-	-	-	-
Leute	-	Leute	NN	N.Reg.Nom.Pl.*	no	-	-	-	-	-
.	-	--	$.	SYM.Pun.Sent	no	-	-	-	-	-
Dazwischen	-	dazwischen	PAV	PROADV.Dem	yes	-	-	-	-	-
bewegten	-	bewegen	VVFIN	VFIN.Full.3.Pl.Past.Ind	no	-	-	-	-	-
sich	-	sich	PRF	PRO.Refl.Subst.3.Acc.Pl.*	no	-	-	-	-	-
Männer	-	Mann	NN	N.Reg.Nom.Pl.Masc	no	-	-	-	-	-
mit	-	mit	APPR	APPR.Dat	no	-	-	-	-	-
gelben	-	gelb	ADJA	ADJA.Pos.Dat.Pl.Masc	no	-	-	-	-	-
und	-	und	KON	CONJ.Coord.-	no	-	-	-	-	-
roten	-	rot	ADJA	ADJA.Pos.Dat.Pl.Masc	no	-	-	-	-	-
Schädeln	-	Schädel	NN	N.Reg.Dat.Pl.Masc	no	-	-	-	-	-
;	-	--	$.	SYM.Pun.Sent	no	-	-	-	-	-
Weiber	-	Weiber	NN	N.Reg.Nom.Pl.Neut	no	-	-	-	-	-
;	-	--	$.	SYM.Pun.Sent	no	-	-	-	-	-
Literaten	-	Literat	NN	N.Reg.Nom.Pl.Masc	no	-	-	-	-	-
;	-	--	$.	SYM.Pun.Sent	no	-	-	-	-	-
Schauspieler	-	Schauspieler	NN	N.Reg.Nom.Pl.Masc	no	-	-	-	-	-
.	-	--	$.	SYM.Pun.Sent	no	-	-	-	-	-
Überall	-	Überall	ADV	ADV	yes	-	-	-	-	-
huschten	-	huschten	VVFIN	VFIN.Full.3.Pl.Past.Ind	no	-	-	-	-	-
schattige	-	schattig	ADJA	ADJA.Pos.Nom.Pl.Masc	no	-	-	-	-	-
Kellner	-	Kellner	NN	N.Reg.Nom.Pl.Masc	no	-	-	-	-	-
.	-	--	$.	SYM.Pun.Sent	no	-	-	-	-	-
Kuno	-	Kuno	NE	N.Name.Nom.Sg.Masc	yes	-	-	-	-	-
Kohn	-	Kohn	NE	N.Name.Nom.Sg.*	no	-	-	-	-	-
war	-	sein	VAFIN	VFIN.Sein.3.Sg.Past.Ind	no	-	-	-	-	-
ohne	-	ohne	APPR	APPR.Acc	no	-	-	-	-	-
viel	-	viel	PIAT	PRO.Indef.Attr.-.*.*.*	no	-	-	-	-	-
Gedanken	-	Gedanke	NN	N.Reg.Acc.Sg.Masc	no	-	-	-	-	-
.	-	--	$.	SYM.Pun.Sent	no	-	-	-	-	-
Er	-	er	PPER	PRO.Pers.Subst.3.Nom.Sg.Masc	yes	-	frame.14	speaker.14	-	-
summte	-	summen	VVFIN	VFIN.Full.3.Sg.Past.Ind	no	-	frame.14	-	intexpr.14	-
für	-	für	APPR	APPR.Acc	no	-	frame.14	-	-	-
sich	-	sich	PRF	PRO.Refl.Subst.3.Acc.Sg.*	no	-	frame.14	-	-	-
:	-	--	$.	SYM.Pun.Colon	no	-	frame.14	-	-	-
»	-	»	$(	CARD	yes	direct.speech.14	-	-	-	-
Ein	-	ein	ART	ART.Indef.Nom.Sg.Masc	no	direct.speech.14	-	-	-	-
Nebel	-	Nebel	NN	N.Reg.Nom.Sg.Masc	no	direct.speech.14	-	-	-	-
hat	-	haben	VAFIN	VFIN.Haben.3.Sg.Pres.Ind	no	direct.speech.14	-	-	-	-
die	-	der	ART	ART.Def.Acc.Sg.Fem	no	direct.speech.14	-	-	-	-
Welt	-	Welt	NN	N.Reg.Acc.Sg.Fem	no	direct.speech.14	-	-	-	-
so	-	so	ADV	ADV	no	direct.speech.14	-	-	-	-
weich	-	weich	ADJD	ADJD.Pos	no	direct.speech.14	-	-	-	-
zerstört	-	zerstören	VVPP	VPP.Full.Psp	no	direct.speech.14	-	-	-	-
.	-	--	$.	SYM.Pun.Sent	no	direct.speech.14	-	-	-	-
«	-	«	$(	N.Reg.Nom.Sg.Neut	no	direct.speech.14	-	-	-	-
–	-	–	NN	CARD	yes	-	-	-	-	-
Da	-	da	ADV	ADV	no	reported.speech.15	-	-	-	-
begrüßte	-	begrüßen	VVFIN	VFIN.Full.3.Sg.Past.Ind	no	reported.speech.15	-	-	intexpr.15	-
ihn	-	ihn	PPER	PRO.Pers.Subst.3.Acc.Sg.Masc	no	reported.speech.15	-	-	-	-
der	-	der	ART	ART.Def.Nom.Sg.Masc	no	reported.speech.15	-	-	-	-
Dichter	-	Dichter	NN	N.Reg.Nom.Sg.Masc	no	reported.speech.15	-	-	-	-
Gottschalk	-	Gottschalk	NE	N.Name.Nom.Sg.Masc	no	reported.speech.15	-	speaker.15	-	-
Schulz	-	Schulz	NE	N.Name.Nom.Sg.Masc	no	reported.speech.15	-	speaker.15	-	-
,	-	--	$,	SYM.Pun.Comma	no	-	-	-	-	-
ein	-	ein	ART	ART.Indef.Nom.Sg.Masc	no	-	-	-	-	-
Jurist	-	Jurist	NN	N.Reg.Nom.Sg.Masc	no	-	-	-	-	-
,	-	--	$,	SYM.Pun.Comma	no	-	-	-	-	-
der	-	der	PRELS	PRO.Rel.Subst.-.Nom.Sg.Masc	no	-	-	-	-	-
durch	-	durch	APPR	APPR.Acc	no	-	-	-	-	-
alle	-	aller	PIAT	PRO.Indef.Attr.-.Acc.Pl.Neut	no	-	-	-	-	-
Examina	-	Examina	NN	N.Reg.Acc.Pl.Neut	no	-	-	-	-	-
,	-	--	$,	SYM.Pun.Comma	no	-	-	-	-	-
denen	-	der	PRELS	PRO.Rel.Subst.-.Dat.Pl.Neut	no	-	-	-	-	-
er	-	er	PPER	PRO.Pers.Subst.3.Nom.Sg.Masc	no	-	-	-	-	-
sich	-	sich	PRF	PRO.Refl.Subst.3.Acc.Pl.*	no	-	-	-	-	-
unterzogen	-	unterziehen	VVPP	VPP.Full.Psp	no	-	-	-	-	-
hatte	-	haben	VAFIN	VFIN.Haben.3.Sg.Past.Ind	no	-	-	-	-	-
,	-	--	$,	SYM.Pun.Comma	no	-	-	-	-	-
mühevoll	-	mühevoll	ADJD	ADJD.Pos	no	-	-	-	-	-
gefallen	-	fallen	VVPP	VPP.Full.Psp	no	-	-	-	-	-
war	-	sein	VAFIN	VFIN.Sein.3.Sg.Past.Ind	no	-	-	-	-	-
.	-	--	$.	SYM.Pun.Sent	no	-	-	-	-	-
Mit	-	mit	APPR	APPR.Dat	yes	-	-	-	-	-
ihm	-	ihm	PPER	PRO.Pers.Subst.3.Dat.Sg.Masc	no	-	-	-	-	-
kam	-	kommen	VVFIN	VFIN.Full.3.Sg.Past.Ind	no	-	-	-	-	-
ein	-	ein	ART	ART.Indef.Nom.Sg.Neut	no	-	-	-	-	-
schönes	-	schön	ADJA	ADJA.Pos.Nom.Sg.Neut	no	-	-	-	-	-
Fräulein	-	Fräulein	NN	N.Reg.Nom.Sg.Neut	no	-	-	-	-	-
.	-	--	$.	SYM.Pun.Sent	no	-	-	-	-	-
Die	-	der	ART	ART.Def.Nom.Pl.*	yes	-	-	-	-	-
beiden	-	beide	PIS	PRO.Indef.Subst.-.Nom.Pl.*	no	-	-	-	-	-
setzten	-	setzen	VVFIN	VFIN.Full.3.Pl.Past.Ind	no	-	-	-	-	-
sich	-	sich	PRF	PRO.Refl.Subst.3.Acc.Pl.*	no	-	-	-	-	-
zu	-	zu	APPR	APPR.Dat	no	-	-	-	-	-
Kohn	-	Kohn	NE	N.Name.Dat.Sg.*	no	-	-	-	-	-
.	-	--	$.	SYM.Pun.Sent	no	-	-	-	-	-
Schulz	-	Schulz	NE	N.Name.Dat.Sg.*	yes	-	-	-	-	-
und	-	und	KON	CONJ.Coord.-	no	-	-	-	-	-
Kohn	-	Kohn	NE	N.Name.Dat.Sg.*	no	-	-	-	-	-
waren	-	sein	VAFIN	VFIN.Sein.3.Pl.Past.Ind	no	-	-	-	-	-
Mitarbeiter	-	Mitarbeiter	NN	N.Reg.Nom.Pl.Masc	no	-	-	-	-	-
der	-	der	ART	ART.Def.Gen.Sg.Fem	no	-	-	-	-	-
von	-	von	APPR	APPR.Dat	no	-	-	-	-	-
dem	-	der	ART	ART.Def.Dat.Sg.Masc	no	-	-	-	-	-
kleinen	-	klein	ADJA	ADJA.Pos.Dat.Sg.Masc	no	-	-	-	-	-
begeisterten	-	begeistert	ADJA	ADJA.Pos.Gen.Sg.Masc	no	-	-	-	-	-
Lutz	-	Lutz	NE	N.Name.Gen.Sg.Masc	no	-	-	-	-	-
Laus	-	Laus	NN	N.Reg.Acc.Sg.Fem	no	-	-	-	-	-
für	-	für	APPR	APPR.Acc	no	-	-	-	-	-
die	-	der	ART	ART.Def.Acc.Sg.Fem	no	-	-	-	-	-
Hebung	-	Hebung	NN	N.Reg.Acc.Sg.Fem	no	-	-	-	-	-
der	-	der	ART	ART.Def.Gen.Sg.Fem	no	-	-	-	-	-
Unsittlichkeit	-	Unsittlichkeit	NN	N.Reg.Gen.Sg.Fem	no	-	-	-	-	-
angefertigten	-	angefertigt	ADJA	ADJA.Pos.Gen.Sg.Fem	no	-	-	-	-	-
Monatsschrift	-	Monatsschrift	NN	N.Reg.Gen.Sg.Fem	no	-	-	-	-	-
:	-	--	$.	SYM.Pun.Colon	no	-	-	-	-	-
»	-	»	$(	CARD	yes	-	-	-	-	-
Der	-	der	ART	ART.Def.Nom.Sg.Masc	no	-	-	-	-	-
Dackel	-	Dackel	NN	N.Reg.Nom.Sg.Masc	no	-	-	-	-	-
«	-	«	$(	CARD	no	-	-	-	-	-
.	-	--	$.	SYM.Pun.Sent	no	-	-	-	-	-
Schulz	-	Schulz	NE	N.Name.Nom.Sg.Masc	yes	-	frame.16	speaker.16_17	-	-
erzählte	-	erzählen	VVFIN	VFIN.Full.3.Sg.Past.Ind	no	-	frame.16	-	intexpr.16	-
dem	-	der	ART	ART.Def.Dat.Sg.*	no	-	frame.16	-	-	-
Kohn	-	Kohn	NE	N.Name.Dat.Sg.*	no	-	frame.16	-	-	-
,	-	--	$,	SYM.Pun.Comma	no	-	frame.16	-	-	-
daß	-	daß	KOUS	CONJ.SubFin.-	no	indirect.speech.16	-	-	-	-
der	-	der	ART	ART.Def.Nom.Sg.Masc	no	indirect.speech.16	-	-	-	-
Dackel-Laus	-	Dackel-Laus	NN	N.Reg.Nom.Sg.Masc	no	indirect.speech.16	-	-	-	-
demnächst	-	demnächst	ADV	ADV	no	indirect.speech.16	-	-	-	-
eine	-	ein	ART	ART.Indef.Acc.Sg.Fem	no	indirect.speech.16	-	-	-	-
gottlose	-	gottlos	ADJA	ADJA.Pos.Acc.Sg.Fem	no	indirect.speech.16	-	-	-	-
Religion	-	Religion	NN	N.Reg.Acc.Sg.Fem	no	indirect.speech.16	-	-	-	-
auf	-	auf	APPR	APPR.Auf	no	indirect.speech.16	-	-	-	-
neojuristischer	-	neojuristisch	ADJA	ADJA.Pos.Dat.Sg.Fem	no	indirect.speech.16	-	-	-	-
Grundlage	-	Grundlage	NN	N.Reg.Dat.Sg.Fem	no	indirect.speech.16	-	-	-	-
erfinden	-	erfinden	VVINF	VINF.Full.-	no	indirect.speech.16	-	-	-	-
werde	-	werden	VAFIN	VFIN.Aux.3.Sg.Pres.Subj	no	indirect.speech.16	-	-	-	-
,	-	--	$,	SYM.Pun.Comma	no	indirect.speech.16	-	-	-	-
zwecks	-	zwecks	APPR	APPR.Gen	no	indirect.speech.16|reported.speech writing.17.nonfact	-	-	-	-
Organisation	-	Organisation	NN	N.Reg.Gen.Sg.Fem	no	indirect.speech.16|reported.speech writing.17.nonfact	-	-	-	-
eine	-	ein	ART	ART.Indef.Nom.Sg.Fem	no	indirect.speech.16|reported.speech writing.17.nonfact	-	-	-	-
konstituierende	-	konstituierend	ADJA	ADJA.Pos.Nom.Sg.Fem	no	indirect.speech.16|reported.speech writing.17.nonfact	-	-	-	-
Versammlung	-	Versammlung	NN	N.Reg.Nom.Sg.Fem	no	indirect.speech.16|reported.speech writing.17.nonfact	-	-	-	-
in	-	in	APPR	APPR.In	no	indirect.speech.16|reported.speech writing.17.nonfact	-	-	-	-
einem	-	ein	ART	ART.Indef.Dat.Sg.Neut	no	indirect.speech.16|reported.speech writing.17.nonfact	-	-	-	-
nahen	-	nah	ADJA	ADJA.Pos.Dat.Sg.Neut	no	indirect.speech.16|reported.speech writing.17.nonfact	-	-	-	-
Kintopp	-	Kintopp	NN	N.Reg.Dat.Sg.Neut	no	indirect.speech.16|reported.speech writing.17.nonfact	-	-	-	-
einberufen	-	einberufen	VVINF	VINF.Full.-	no	indirect.speech.16|reported.speech writing.17.nonfact	-	-	intexpr.17	-
wolle	-	wollen	VMFIN	VFIN.Mod.3.Sg.Pres.Subj	no	indirect.speech.16|reported.speech writing.17.nonfact	-	-	-	-
.	-	--	$.	SYM.Pun.Sent	no	indirect.speech.16|reported.speech writing.17.nonfact	-	-	-	-
Kohn	-	Kohn	NE	N.Name.Nom.Sg.*	yes	-	-	-	-	-
hörte	-	hören	VVFIN	VFIN.Full.3.Sg.Past.Ind	no	-	-	-	-	-
kopfschüttelnd	-	kopfschüttelnd	ADJD	ADJD.Pos	no	-	-	-	-	-
zu	-	zu	PTKVZ	PART.Verb	no	-	-	-	-	-
.	-	--	$.	SYM.Pun.Sent	no	-	-	-	-	-
Das	-	der	ART	ART.Def.Nom.Sg.Neut	yes	-	-	-	-	-
schöne	-	schön	ADJA	ADJA.Pos.Nom.Sg.Neut	no	-	-	-	-	-
Fräulein	-	Fräulein	NN	N.Reg.Nom.Sg.Neut	no	-	-	-	-	-
aß	-	essen	VVFIN	VFIN.Full.3.Sg.Past.Ind	no	-	-	-	-	-
Kuchen	-	Kuchen	NN	N.Reg.Acc.Sg.Masc	no	-	-	-	-	-
.	-	--	$.	SYM.Pun.Sent	no	-	-	-	-	-
Kohn	-	Kohn	NE	N.Name.Nom.Sg.*	yes	-	frame.18	speaker.18	-	-
sagte	-	sagen	VVFIN	VFIN.Full.3.Sg.Past.Ind	no	-	frame.18	-	intexpr.18	-
traurig	-	traurig	ADJD	ADJD.Pos	no	-	frame.18	-	-	-
:	-	--	$.	SYM.Pun.Colon	no	-	frame.18	-	-	-
»	-	»	$(	ADJA.Pos.Nom.Sg.Fem	yes	direct.speech.18	-	-	-	-
Laus	-	Laus	NN	N.Reg.Nom.Sg.Fem	no	direct.speech.18	-	-	-	-
ist	-	sein	VAFIN	VFIN.Sein.3.Sg.Pres.Ind	no	direct.speech.18	-	-	-	-
ein	-	ein	ART	ART.Indef.Nom.Sg.Masc	no	direct.speech.18	-	-	-	-
Großer	-	Großer	NN	ADJA.Pos.Nom.Sg.Masc	no	direct.speech.18	-	-	-	-
und	-	und	KON	CONJ.Coord.-	no	direct.speech.18	-	-	-	-
Rührender	-	Rührender	NN	ADJA.Pos.Nom.Sg.Masc	no	direct.speech.18	-	-	-	-
.	-	--	$.	SYM.Pun.Sent	no	direct.speech.18	-	-	-	-
Aber	-	Aber	ADV	CONJ.Coord.Aber	yes	direct.speech.18	-	-	-	-
gläubig	-	gläubig	ADJD	ADJD.Pos	no	direct.speech.18	-	-	-	-
kann	-	können	VMFIN	VFIN.Mod.3.Sg.Pres.Ind	no	direct.speech.18	-	-	-	-
uns	-	uns	PPER	PRO.Pers.Subst.1.Acc.Pl.*	no	direct.speech.18	-	-	-	-
kein	-	kein	PIAT	PRO.Indef.Attr.-.Nom.Sg.Masc	no	direct.speech.18	-	-	-	-
Jesus	-	Jesus	NE	N.Name.Acc.Sg.Masc	no	direct.speech.18	-	-	-	-
mehr	-	mehr	ADV	ADV	no	direct.speech.18	-	-	-	-
machen	-	machen	VVINF	VINF.Full.-	no	direct.speech.18	-	-	-	-
.	-	--	$.	SYM.Pun.Sent	no	direct.speech.18	-	-	-	-
Wir	-	wir	PPER	PRO.Pers.Subst.1.Nom.Pl.*	yes	direct.speech.18	-	-	-	-
sterben	-	sterben	VVFIN	VFIN.Full.1.Pl.Pres.Ind	no	direct.speech.18	-	-	-	-
mit	-	mit	APPR	APPR.Dat	no	direct.speech.18	-	-	-	-
jedem	-	jeder	PIAT	PRO.Indef.Attr.-.Dat.Sg.Masc	no	direct.speech.18	-	-	-	-
Tage	-	Tag	NN	N.Reg.Dat.Sg.Masc	no	direct.speech.18	-	-	-	-
tiefer	-	tief	ADJD	ADJD.Comp	no	direct.speech.18	-	-	-	-
in	-	in	APPR	APPR.In	no	direct.speech.18	-	-	-	-
den	-	der	ART	ART.Def.Acc.Sg.Masc	no	direct.speech.18	-	-	-	-
öden	-	öde	ADJA	ADJA.Pos.Acc.Sg.Masc	no	direct.speech.18	-	-	-	-
ewigen	-	ewig	ADJA	ADJA.Pos.Acc.Sg.Masc	no	direct.speech.18	-	-	-	-
Tod	-	Tod	NN	N.Reg.Acc.Sg.Masc	no	direct.speech.18	-	-	-	-
ein	-	ein	PTKVZ	PART.Verb	no	direct.speech.18	-	-	-	-
.	-	--	$.	SYM.Pun.Sent	no	direct.speech.18	-	-	-	-
Wir	-	wir	PPER	PRO.Pers.Subst.1.Nom.Pl.*	yes	direct.speech.18	-	-	-	-
sind	-	sein	VAFIN	VFIN.Sein.1.Pl.Pres.Ind	no	direct.speech.18	-	-	-	-
hoffnungslos	-	hoffnungslos	ADJD	ADJD.Pos	no	direct.speech.18	-	-	-	-
zerrüttet	-	zerrütten	VVPP	VPP.Full.Psp	no	direct.speech.18	-	-	-	-
.	-	--	$.	SYM.Pun.Sent	no	direct.speech.18	-	-	-	-
Unser	-	unser	PPOSAT	PRO.Poss.Attr.-.Nom.Sg.Neut	yes	direct.speech.18	-	-	-	-
Leben	-	Leben	NN	N.Reg.Nom.Sg.Neut	no	direct.speech.18	-	-	-	-
wird	-	werden	VAFIN	VFIN.Aux.3.Sg.Pres.Ind	no	direct.speech.18	-	-	-	-
ein	-	ein	ART	ART.Indef.Acc.Sg.Neut	no	direct.speech.18	-	-	-	-
sinnloses	-	sinnlos	ADJA	ADJA.Pos.Acc.Sg.Neut	no	direct.speech.18	-	-	-	-
Schau-Spiel	-	Schau-Spiel	NN	N.Reg.Acc.Sg.Neut	no	direct.speech.18	-	-	-	-
bleiben	-	bleiben	VVINF	VINF.Full.-	no	direct.speech.18	-	-	-	-
.	-	--	$.	SYM.Pun.Sent	no	direct.speech.18	-	-	-	-
«	-	«	$(	CARD	no	direct.speech.18	-	-	-	-
Das	-	der	ART	ART.Def.Nom.Sg.Neut	yes	-	-	-	-	-
essende	-	essend	ADJA	ADJA.Pos.Nom.Sg.Neut	no	-	-	-	-	-
Fräulein	-	Fräulein	NN	N.Reg.Nom.Sg.Neut	no	-	-	-	-	-
sah	-	sehen	VVFIN	VFIN.Full.3.Sg.Past.Ind	no	-	-	-	-	-
mit	-	mit	APPR	APPR.Dat	no	-	-	-	-	-
fröhlichem	-	fröhlich	ADJA	ADJA.Pos.Dat.Sg.Neut	no	-	-	-	-	-
,	-	--	$,	SYM.Pun.Comma	no	-	-	-	-	-
deutlichem	-	deutlich	ADJA	ADJA.Pos.Dat.Sg.Neut	no	-	-	-	-	-
Gesicht	-	Gesicht	NN	N.Reg.Dat.Sg.Neut	no	-	-	-	-	-
aus	-	aus	APPR	APPR.Dat	no	-	-	-	-	-
rotbraunen	-	rotbraun	ADJA	ADJA.Pos.Dat.Pl.Neut	no	-	-	-	-	-
Augen	-	Auge	NN	N.Reg.Dat.Pl.Neut	no	-	-	-	-	-
verständnislos	-	verständnislos	ADJD	ADJD.Pos	no	-	-	-	-	-
hinüber	-	hinüber	PTKVZ	PART.Verb	no	-	-	-	-	-
.	-	--	$.	SYM.Pun.Sent	no	-	-	-	-	-
